0	88	2	56	18	87	83	45	24	1	71	82	29	3	88	89	86	68	73	89	61	82	22	43	26	84	49	87	97	39	99	90	17	11	46	20	72	78	27	17	77	72	97	61	32	18	44	18	92	61	17	23	83	18	79	23	59	48	51	30	80	30	5	56	36	28	6	100	46	44	82	1	40	7	51	57	68	42	93	74	77	58	6	51	79	88	22	7	45	54	63	33	16	12	66	64	24	43	58	13	10	64	58	3	49	36	39	79	39	99	40	22	41	95	85	57	75	29	20	56	37	100	2	42	55	46	31	81	4	43	85	81	79	27	87	48	51	80	47	90	72	90	64	70	63	8	58	49	54	85	51	89	34	87	52	11	6	15	7	44	89	6	76	54	57	75	99	87	39	43	79	86	91	7	53	65	59	85	5	19	24	78	42	76	6	47	97	75	90	7	79	48	26	86	15	47	60	80	92	37
0	0	32	69	29	35	96	88	76	64	42	54	57	44	53	71	34	99	37	88	44	59	65	55	69	50	28	76	6	24	64	17	41	38	86	98	100	17	14	3	67	38	16	23	59	83	97	57	25	54	56	26	43	5	88	99	63	42	87	12	81	10	1	6	54	62	51	50	3	92	3	16	49	65	64	51	59	79	48	94	6	51	23	28	96	50	88	73	64	96	50	46	11	43	83	24	56	40	40	68	31	29	82	14	99	27	83	36	17	2	50	62	45	83	1	4	100	3	35	44	25	67	5	62	37	100	90	30	74	40	64	30	87	51	55	97	74	88	12	72	81	36	32	71	43	41	98	89	82	15	23	25	65	28	21	80	95	22	27	92	16	44	28	54	53	38	86	6	27	89	92	21	66	15	68	88	15	23	83	46	80	74	74	62	80	62	26	68	89	100	80	99	27	58	39	98	39	58	95	20
0	0	0	10	30	31	21	21	52	99	62	5	14	24	100	12	76	98	18	78	79	67	14	31	18	26	27	45	99	19	92	58	7	2	44	93	47	47	41	54	24	93	83	77	18	56	44	59	33	82	42	8	92	1	61	40	68	69	58	8	58	84	9	58	57	16	69	22	35	79	25	61	90	98	67	32	66	11	16	49	90	9	97	8	76	11	87	13	51	5	91	24	32	83	85	75	81	47	7	8	99	1	93	37	66	95	81	13	67	31	61	57	81	9	60	65	81	53	2	90	1	31	43	59	25	51	4	20	77	28	19	99	78	21	17	71	88	42	13	16	92	5	75	45	16	65	70	20	72	89	3	11	76	69	24	51	92	17	50	6	87	55	56	12	73	44	21	96	76	20	63	62	6	24	94	79	46	36	27	55	32	40	75	55	35	100	21	71	90	77	23	77	38	88	42	86	68	82	40	81
0	0	0	0	46	70	85	17	65	57	53	32	79	52	68	17	34	77	8	7	90	5	75	76	63	82	63	25	42	20	30	17	18	62	60	53	19	26	84	59	73	71	82	67	27	44	92	18	86	37	27	43	69	46	9	41	42	24	41	6	76	49	32	57	52	84	71	14	10	94	94	64	57	40	8	42	66	52	36	35	40	71	60	15	72	93	96	46	32	57	23	91	94	92	43	95	42	97	35	73	90	76	2	27	2	16	46	67	33	91	11	75	63	25	91	2	59	68	43	3	64	90	71	77	62	70	75	86	92	41	90	74	25	42	73	99	39	88	77	67	3	31	29	94	91	43	83	38	15	33	94	57	28	45	91	72	34	1	92	86	61	23	9	61	71	38	14	79	57	43	26	54	79	55	67	32	46	54	58	21	63	98	18	2	66	70	13	92	64	26	52	36	53	28	84	66	50	10	69	96
0	0	0	0	0	28	38	31	99	39	43	72	10	50	46	27	76	95	33	2	21	62	60	66	84	75	22	44	71	70	39	27	24	51	48	91	4	71	89	41	72	15	87	17	67	100	6	73	94	47	32	87	67	37	4	86	18	40	3	46	55	98	33	94	4	39	94	68	34	67	99	32	75	49	31	85	35	63	46	21	5	11	1	4	98	35	61	5	92	37	71	65	92	73	25	81	90	5	42	14	86	40	100	56	41	38	83	52	99	84	23	76	3	67	39	65	89	64	52	3	54	60	88	58	51	41	60	84	49	17	74	68	41	45	69	53	37	35	59	63	85	23	5	36	49	8	25	87	88	23	45	72	62	99	8	24	15	72	94	74	15	99	1	95	10	83	70	63	69	47	7	98	44	39	59	70	11	97	81	69	24	9	67	28	86	88	78	39	52	82	9	65	6	99	99	17	45	98	18	33
0	0	0	0	0	0	3	50	44	27	1	77	78	98	93	69	78	84	35	37	70	22	4	10	93	8	19	73	36	19	15	90	91	85	59	25	22	29	32	36	40	12	22	29	25	56	62	86	48	87	11	93	7	24	33	77	43	42	10	43	53	2	78	86	63	20	34	61	89	49	52	85	52	37	18	54	77	16	35	68	67	55	100	46	77	48	36	18	23	38	71	52	92	24	46	45	42	17	96	30	72	43	7	69	76	57	81	93	17	5	48	65	90	90	37	63	69	31	80	79	72	63	34	50	82	98	81	66	12	49	89	83	14	13	68	21	68	4	79	5	46	45	13	98	35	7	30	66	79	26	60	2	12	26	66	35	23	16	65	37	21	47	91	93	44	92	36	52	5	19	33	76	87	26	97	16	89	35	23	36	82	51	29	1	10	78	18	7	74	34	91	74	41	71	16	68	73	8	99	74
0	0	0	0	0	0	0	9	89	46	100	49	70	33	34	12	93	12	88	15	79	47	26	50	3	57	87	60	100	30	21	20	14	23	67	38	45	85	23	21	66	99	57	43	19	6	16	12	94	34	3	17	46	37	56	68	14	4	71	48	26	76	23	30	91	13	55	43	67	33	83	18	87	38	96	62	55	81	90	5	64	24	13	100	16	85	52	60	2	21	71	86	8	99	63	11	63	25	76	39	34	21	62	34	27	13	41	1	8	89	84	59	42	79	86	54	84	29	36	90	43	39	78	64	33	56	88	11	1	15	33	82	78	31	33	3	99	7	60	45	39	68	62	22	41	49	1	76	60	50	14	30	66	30	9	83	35	39	40	66	25	67	51	53	70	4	54	63	38	57	16	6	72	68	37	38	48	36	78	65	35	48	88	92	50	95	43	58	52	27	67	88	96	33	10	56	92	15	63	60
0	0	0	0	0	0	0	0	45	10	10	11	71	19	16	32	36	59	19	70	8	14	56	52	4	73	66	74	17	54	95	81	65	90	89	90	62	90	11	8	91	90	25	57	55	21	23	90	95	95	74	6	80	58	65	2	87	16	23	10	47	42	85	69	97	93	33	95	9	91	62	89	4	97	62	11	82	40	34	21	4	63	76	71	96	6	32	18	28	57	85	96	80	80	58	13	39	91	57	76	46	95	72	77	1	40	53	57	27	54	97	93	53	51	24	81	26	19	75	24	66	66	46	8	9	3	29	67	51	35	42	89	95	58	54	82	61	81	98	33	85	36	92	70	2	95	47	25	75	32	19	92	21	65	3	19	2	77	78	92	14	41	20	13	21	27	54	31	37	19	12	16	58	30	24	5	59	68	53	6	3	11	9	98	98	86	27	80	71	24	33	4	23	73	27	85	4	47	74	19
0	0	0	0	0	0	0	0	0	64	87	40	20	80	56	39	92	37	53	77	73	2	22	92	82	12	71	51	96	87	1	26	80	59	51	26	20	20	71	61	36	10	47	53	61	60	53	43	92	24	54	84	42	44	30	60	45	4	30	91	99	92	40	77	90	65	36	34	39	72	72	71	33	4	34	88	42	26	22	35	34	22	11	78	84	40	67	13	29	69	26	3	8	49	21	35	52	30	7	10	97	18	41	72	85	81	36	37	84	86	39	39	56	37	41	34	36	64	96	35	51	79	40	66	36	41	7	11	52	40	45	7	99	9	85	65	78	42	82	23	27	76	68	7	88	1	27	65	53	35	39	31	59	87	94	97	82	14	19	100	35	34	16	45	21	16	51	28	71	74	83	68	66	96	9	24	88	1	45	7	87	64	18	35	86	32	6	7	78	62	77	68	30	17	18	76	81	17	92	63
0	0	0	0	0	0	0	0	0	0	76	5	31	17	65	18	81	20	10	9	84	79	71	28	66	89	98	67	20	57	18	70	29	75	16	52	62	31	14	82	40	85	85	4	30	33	97	81	97	45	48	54	63	18	9	80	22	60	17	71	82	39	23	78	26	23	92	24	85	14	26	12	46	10	50	10	93	62	69	79	21	50	68	43	18	39	44	6	16	60	49	80	38	48	24	10	62	1	96	67	82	71	69	15	12	26	15	72	47	64	34	6	65	35	24	29	61	68	65	11	6	49	40	15	99	5	58	38	55	22	50	52	69	8	52	59	92	17	48	69	8	61	56	60	80	36	90	35	45	98	39	3	1	76	80	11	66	58	28	46	73	41	32	16	90	26	3	52	87	96	21	17	1	7	38	7	27	98	69	13	1	28	7	54	85	15	31	61	61	14	39	86	82	10	53	42	70	80	81	82
0	0	0	0	0	0	0	0	0	0	0	16	85	6	33	96	70	65	100	34	27	20	8	97	64	29	12	81	84	23	56	34	94	86	25	9	21	72	95	32	75	39	9	69	42	7	28	64	48	16	55	1	85	85	20	94	3	96	96	63	14	2	24	45	30	43	93	41	6	71	26	64	47	76	12	84	66	48	95	62	71	27	84	28	3	47	15	91	89	8	20	49	1	47	86	56	81	62	24	99	86	53	79	38	39	49	21	74	13	69	85	72	67	72	87	2	45	50	27	12	89	54	78	12	49	13	66	13	44	12	44	78	95	66	19	31	56	29	74	63	59	67	35	53	46	68	48	92	99	41	68	33	56	13	40	60	50	22	30	35	79	65	39	28	79	78	5	50	18	57	49	70	77	96	79	41	94	82	43	18	93	6	25	7	49	6	64	72	17	73	68	86	81	4	46	83	69	56	93	68
0	0	0	0	0	0	0	0	0	0	0	0	24	88	16	17	97	1	4	88	7	83	95	68	12	12	66	9	97	73	71	81	36	69	48	11	19	5	9	56	65	30	76	95	43	55	40	26	97	86	43	59	18	66	10	89	78	71	31	51	64	33	77	47	85	16	93	89	60	33	100	63	3	7	2	33	51	13	17	78	64	48	11	9	63	69	34	87	37	55	38	66	61	47	6	14	59	9	47	36	82	4	71	64	31	27	5	93	35	35	27	81	82	37	93	83	38	40	1	40	64	60	12	36	70	6	94	82	70	20	63	89	7	61	66	42	26	74	72	4	20	68	38	50	11	54	7	23	66	32	69	21	51	42	43	27	96	99	21	54	14	17	32	98	15	29	17	95	99	16	100	100	81	25	54	75	27	68	72	39	88	16	67	93	90	57	62	87	38	29	55	39	84	24	14	18	51	71	23	17
0	0	0	0	0	0	0	0	0	0	0	0	0	61	61	47	79	4	26	11	62	47	13	9	26	4	45	7	50	82	1	94	6	98	60	56	89	74	69	90	82	43	28	14	80	82	41	41	45	71	46	40	79	85	99	89	9	57	23	93	34	25	70	22	74	93	6	39	92	82	16	96	95	71	11	8	78	30	48	12	20	86	61	63	100	79	24	69	27	20	73	37	70	5	16	39	91	14	37	18	96	27	57	26	50	98	29	54	53	83	71	75	2	94	80	98	59	48	46	68	52	4	31	99	89	41	80	19	15	50	45	91	36	93	16	91	15	1	9	45	42	62	16	19	78	31	91	75	22	28	23	98	88	34	11	2	45	49	96	49	72	77	35	3	49	76	13	12	92	59	64	39	49	80	40	74	89	9	97	20	87	36	13	16	12	94	6	100	16	1	9	55	13	82	54	75	95	49	48	47
0	0	0	0	0	0	0	0	0	0	0	0	0	0	99	1	93	65	94	76	55	72	53	91	51	38	78	50	11	33	34	92	74	52	95	10	91	77	66	70	51	73	50	98	5	99	23	59	37	39	44	94	54	16	28	6	96	5	13	44	84	5	69	39	51	41	66	58	59	87	24	21	77	78	65	17	4	81	52	9	20	53	1	66	63	78	6	97	93	85	98	64	98	29	62	48	28	40	13	87	83	18	74	94	77	86	9	73	78	96	63	50	73	78	83	92	3	99	65	58	9	34	66	68	76	13	23	54	38	77	35	64	48	78	76	90	59	88	6	26	73	69	99	15	24	4	23	56	79	26	83	94	97	72	33	59	81	96	27	98	92	61	77	69	91	57	62	57	50	14	8	24	82	11	60	87	10	66	92	95	89	55	99	4	20	30	47	78	99	70	14	32	75	26	11	94	22	57	57	94
0	0	0	0	0	0	0	0	0	0	0	0	0	0	0	51	27	87	63	41	26	62	39	83	35	4	64	54	43	17	54	43	30	15	47	53	19	21	87	42	17	1	91	27	94	56	58	1	50	90	7	83	39	38	59	22	88	33	98	67	53	86	77	93	86	3	59	47	32	83	72	14	89	7	36	64	51	19	73	12	89	14	25	2	41	23	46	28	74	64	23	62	50	13	32	99	80	81	35	41	21	40	71	51	68	72	54	23	52	43	70	14	34	55	92	63	89	57	5	48	79	32	51	53	65	90	20	8	66	45	66	87	13	20	27	96	17	9	88	90	54	31	62	36	10	13	4	23	10	21	40	79	36	55	80	99	59	22	69	65	49	9	16	61	60	96	38	53	47	10	54	23	8	95	28	53	2	87	65	68	53	74	22	20	29	71	55	31	6	8	22	26	1	99	85	7	15	47	61	63
0	0	0	0	0	0	0	0	0	0	0	0	0	0	0	0	60	7	16	32	47	8	78	74	84	14	35	28	4	88	44	100	42	81	93	7	85	68	5	86	74	57	57	69	13	37	51	70	70	51	18	23	6	88	98	58	77	54	38	77	46	31	98	26	95	89	25	85	25	46	71	94	72	48	21	43	38	43	62	9	10	63	76	95	45	41	52	34	48	67	35	41	32	88	35	47	84	83	39	15	77	83	63	21	31	79	19	49	47	51	50	44	73	75	71	95	61	62	37	33	99	77	81	66	4	98	56	26	68	34	55	48	18	77	67	27	79	61	77	51	51	52	81	57	73	11	61	33	26	12	33	89	85	51	16	50	74	13	93	44	93	31	53	28	2	67	95	29	16	93	18	81	31	11	13	41	55	55	44	56	14	10	96	26	90	42	100	12	1	78	1	69	61	66	98	90	92	94	37	59
0	0	0	0	0	0	0	0	0	0	0	0	0	0	0	0	0	85	100	22	3	10	82	30	14	31	2	39	24	63	36	9	45	21	58	37	75	29	43	1	71	50	83	8	88	61	44	87	28	56	18	65	53	40	44	82	60	40	65	10	100	93	2	89	34	51	99	47	81	23	27	93	45	70	62	77	93	8	72	85	85	83	86	88	95	10	85	82	98	52	32	18	58	91	93	23	72	5	96	62	49	14	31	44	1	22	58	24	1	34	42	21	33	55	14	69	22	24	57	1	53	46	11	17	17	97	68	76	59	17	55	75	11	50	89	23	76	54	44	69	28	18	63	37	81	52	28	66	8	80	37	93	17	73	61	21	65	88	71	28	100	44	30	25	10	44	31	6	13	42	8	24	14	72	34	13	1	91	1	86	22	96	36	71	76	11	60	57	30	91	31	75	51	14	42	24	8	23	32	8
0	0	0	0	0	0	0	0	0	0	0	0	0	0	0	0	0	0	92	98	30	53	95	33	35	47	35	93	57	85	85	8	39	35	1	26	62	17	56	74	51	24	27	47	6	64	68	52	57	10	14	34	29	65	67	32	38	52	50	77	71	47	23	83	88	12	22	47	40	21	39	10	27	39	73	43	84	37	78	86	64	92	51	9	62	15	30	30	88	27	36	30	40	25	85	57	25	39	71	2	21	29	23	94	31	86	88	82	90	64	70	46	92	37	22	97	5	82	100	30	84	10	65	92	80	41	8	79	13	83	37	96	51	33	52	75	60	19	25	75	89	91	80	31	49	62	80	5	46	20	9	48	14	34	82	99	27	25	30	24	85	6	52	7	56	34	30	56	93	35	83	4	45	12	32	5	8	34	12	28	33	80	81	53	39	55	11	6	89	63	53	72	88	78	7	91	85	47	85	26
0	0	0	0	0	0	0	0	0	0	0	0	0	0	0	0	0	0	0	34	5	83	43	49	82	82	69	32	78	27	31	9	99	40	84	38	68	43	30	5	9	19	72	98	23	2	94	46	48	62	52	91	78	28	82	6	21	34	54	13	78	76	75	55	59	30	38	95	82	42	40	73	27	82	84	43	74	74	55	70	45	79	58	53	58	3	15	100	17	8	96	44	18	80	78	91	34	48	42	58	36	86	82	11	95	69	23	32	51	55	45	74	50	49	25	51	12	59	99	31	54	36	44	99	37	91	13	57	31	72	60	76	12	4	81	95	26	67	1	35	97	52	82	6	59	12	92	18	93	81	70	51	41	2	46	52	28	92	32	56	26	75	57	64	71	26	21	3	21	94	6	51	10	78	84	30	41	1	15	32	93	53	68	95	77	83	1	51	62	3	3	13	63	97	44	98	92	68	94	93
0	0	0	0	0	0	0	0	0	0	0	0	0	0	0	0	0	0	0	0	83	73	7	45	43	84	49	38	46	54	71	99	71	82	41	13	1	5	69	78	40	65	93	96	14	51	86	43	77	73	36	66	83	19	28	39	91	43	23	25	52	44	52	94	4	52	41	75	3	5	74	75	86	78	80	77	83	31	14	98	67	50	23	18	36	14	35	68	72	6	91	69	90	56	12	14	60	68	60	53	90	87	21	89	3	65	75	12	55	18	45	27	21	54	11	53	7	93	3	88	35	94	9	76	64	80	18	97	54	74	1	9	79	48	62	89	32	54	29	96	40	69	30	18	57	78	31	50	53	80	69	100	3	54	73	98	46	14	83	69	11	69	34	13	96	62	64	73	69	74	43	98	20	22	25	76	100	82	41	99	35	23	87	87	1	11	95	93	53	60	69	38	27	53	57	66	99	90	43	67
0	0	0	0	0	0	0	0	0	0	0	0	0	0	0	0	0	0	0	0	0	38	69	62	62	30	75	22	72	1	29	67	70	3	77	77	93	85	45	99	75	63	47	63	70	33	72	68	20	59	93	79	71	6	78	28	96	55	70	51	50	62	59	98	7	79	8	45	38	14	95	8	41	22	4	26	19	98	19	5	27	59	13	65	59	85	38	10	72	89	85	57	42	68	77	42	84	90	67	82	67	65	45	8	51	65	82	17	32	46	17	1	38	6	20	89	73	5	96	100	61	93	43	82	69	98	23	68	35	100	2	49	79	82	96	93	93	36	56	77	66	8	31	96	19	61	76	66	8	12	1	78	92	92	39	29	66	69	4	62	85	54	89	76	98	84	100	49	14	39	8	65	67	89	28	70	12	81	3	100	61	66	96	52	33	57	15	43	98	33	64	25	46	14	32	75	17	4	96	14
0	0	0	0	0	0	0	0	0	0	0	0	0	0	0	0	0	0	0	0	0	0	24	23	89	26	21	8	61	27	38	79	71	24	98	5	38	9	47	16	6	7	27	89	68	80	50	18	19	65	46	74	60	65	57	94	30	78	72	34	5	63	68	49	14	5	53	91	95	99	80	25	59	42	95	98	60	69	73	4	66	26	24	9	45	62	93	74	13	28	90	59	10	26	52	49	26	3	46	36	29	73	10	20	84	19	97	80	99	11	18	30	22	7	72	22	91	85	46	78	53	93	81	35	4	55	64	58	13	87	59	26	95	94	94	22	48	34	70	46	62	9	2	11	21	59	44	97	73	94	54	38	74	71	44	49	76	72	89	48	74	44	66	91	99	91	12	85	67	96	17	69	32	5	17	32	36	26	95	93	76	85	10	2	15	66	96	58	2	47	2	64	16	55	46	43	77	93	11	59
0	0	0	0	0	0	0	0	0	0	0	0	0	0	0	0	0	0	0	0	0	0	0	4	60	6	45	98	29	10	51	51	21	29	99	51	10	18	78	78	33	11	65	89	65	33	20	37	19	3	68	54	14	61	63	49	46	57	77	31	78	19	62	46	87	18	27	95	52	38	95	90	12	95	99	33	71	40	18	44	76	78	64	94	95	84	41	49	43	87	74	92	1	66	99	82	61	55	96	27	57	34	7	67	28	48	92	43	7	68	25	25	3	10	91	96	68	73	89	80	35	63	96	100	24	96	12	45	74	83	79	16	75	89	44	45	48	52	8	51	46	5	17	7	32	99	42	37	89	19	47	78	41	97	34	40	12	96	24	28	43	83	4	70	100	80	13	68	44	41	62	72	48	67	86	40	5	54	33	44	94	72	68	47	9	61	81	27	69	88	7	80	47	61	94	32	34	11	22	24
0	0	0	0	0	0	0	0	0	0	0	0	0	0	0	0	0	0	0	0	0	0	0	0	93	66	11	83	69	9	68	39	21	49	36	21	66	30	99	23	23	84	29	58	66	62	50	39	18	11	10	18	90	69	7	45	74	79	14	3	100	96	27	48	17	27	94	14	91	94	99	38	64	73	13	29	97	39	83	43	93	24	71	81	60	88	65	23	84	45	68	53	47	96	12	59	95	33	56	16	47	4	66	64	52	20	42	31	41	7	8	6	79	5	91	4	4	66	46	74	18	11	77	100	5	37	26	56	62	25	5	70	64	3	91	17	58	34	11	60	37	50	80	90	100	21	67	72	58	20	12	6	21	85	76	33	5	38	9	15	95	45	7	1	4	21	23	6	26	94	98	73	47	99	31	77	49	24	22	85	2	66	46	12	36	44	58	47	68	65	89	20	65	28	44	24	100	84	72	9
0	0	0	0	0	0	0	0	0	0	0	0	0	0	0	0	0	0	0	0	0	0	0	0	0	20	92	13	86	69	23	13	53	54	70	78	22	31	7	16	2	91	50	43	79	43	92	94	91	49	19	76	37	29	1	68	23	97	48	12	22	64	98	30	32	13	72	20	28	83	36	18	9	87	85	50	16	12	88	32	40	98	64	44	20	89	75	10	36	73	3	20	70	76	52	86	40	64	16	19	94	84	98	1	89	35	45	20	55	24	80	36	16	80	34	36	78	73	48	54	60	79	96	73	17	41	45	62	40	87	57	28	29	24	70	75	43	47	60	89	32	75	70	20	37	4	5	43	6	20	90	60	92	51	3	11	16	75	88	81	23	49	92	95	20	29	99	54	81	64	20	48	54	9	32	62	84	1	30	7	29	36	66	88	98	42	85	33	10	38	34	35	43	6	19	84	64	52	55	85
0	0	0	0	0	0	0	0	0	0	0	0	0	0	0	0	0	0	0	0	0	0	0	0	0	0	60	30	28	82	53	90	23	81	37	72	8	73	91	36	72	18	56	87	76	88	88	10	51	100	3	83	93	86	76	53	48	59	73	83	9	67	38	13	71	1	56	76	47	96	35	99	87	39	32	98	87	91	73	11	31	84	43	91	50	78	85	8	52	51	90	26	30	54	69	68	15	14	10	41	91	22	38	51	85	73	23	84	3	83	22	36	77	31	30	51	31	55	10	53	47	54	12	96	11	84	85	18	37	25	9	96	13	84	55	14	12	6	14	72	38	76	94	27	78	78	14	50	63	90	4	56	83	89	48	43	20	1	3	42	39	85	34	96	40	61	2	78	61	97	63	51	50	37	18	98	2	64	98	88	74	3	98	81	22	53	64	51	10	16	62	49	6	69	42	22	48	26	33	29
0	0	0	0	0	0	0	0	0	0	0	0	0	0	0	0	0	0	0	0	0	0	0	0	0	0	0	52	3	52	12	98	55	54	18	81	100	10	70	80	41	53	12	93	41	82	38	95	90	90	32	37	55	63	1	74	23	53	20	52	78	67	60	51	54	41	44	31	80	34	87	70	49	57	96	64	17	5	7	82	27	37	21	82	58	55	73	97	23	89	43	54	3	82	78	23	30	79	90	39	40	62	48	19	39	97	31	63	65	12	15	12	6	48	9	7	99	60	67	61	59	78	78	51	71	80	58	73	30	65	21	98	94	58	32	27	26	61	99	73	5	69	72	79	88	78	84	89	32	96	66	42	99	27	61	68	97	36	33	97	78	71	29	56	47	94	4	19	55	18	53	36	77	30	30	14	80	33	34	48	70	93	7	65	90	33	67	28	13	28	90	4	72	72	18	17	72	66	14	97
0	0	0	0	0	0	0	0	0	0	0	0	0	0	0	0	0	0	0	0	0	0	0	0	0	0	0	0	18	36	49	26	74	65	95	21	3	1	47	92	10	5	1	65	93	39	26	93	19	47	9	85	74	24	91	100	88	54	37	100	58	62	84	16	82	29	82	49	97	35	54	32	83	38	32	94	84	23	45	73	55	16	3	12	97	57	82	7	43	62	50	37	32	57	64	33	99	2	16	4	42	34	49	65	1	82	41	89	10	45	47	70	62	37	76	74	8	24	97	88	93	6	63	10	52	36	49	62	72	75	83	13	9	7	62	31	100	64	87	60	44	78	1	96	42	93	82	57	88	51	94	24	42	3	28	18	25	8	85	56	97	14	83	61	31	38	55	30	68	60	31	10	98	26	52	5	5	44	63	59	21	94	31	66	26	43	100	49	88	80	3	69	31	6	19	34	11	98	66	69
0	0	0	0	0	0	0	0	0	0	0	0	0	0	0	0	0	0	0	0	0	0	0	0	0	0	0	0	0	54	89	60	8	99	52	70	63	74	18	23	68	62	69	2	12	54	59	83	7	37	5	35	9	84	31	91	95	23	99	48	61	81	45	35	68	12	24	88	87	33	95	77	74	12	18	21	72	5	87	74	65	87	98	68	86	18	37	48	56	32	34	77	71	96	11	55	4	21	31	38	13	14	95	57	79	2	32	73	3	22	44	40	14	47	40	64	74	60	72	65	77	1	35	13	40	53	23	32	51	17	13	68	85	41	98	88	86	94	17	54	44	55	88	89	91	65	54	97	58	50	28	38	35	44	93	52	79	47	29	63	30	93	57	30	14	67	20	97	84	42	57	60	1	72	48	98	86	36	21	32	70	40	85	72	45	34	97	50	82	19	16	47	95	40	72	27	37	95	41	17
0	0	0	0	0	0	0	0	0	0	0	0	0	0	0	0	0	0	0	0	0	0	0	0	0	0	0	0	0	0	48	66	89	83	4	51	49	51	1	33	21	13	94	50	71	2	56	14	62	7	95	27	42	72	53	99	9	49	14	20	49	27	58	36	4	14	6	45	81	50	23	55	93	24	85	84	74	37	70	53	1	67	28	41	62	3	4	82	25	50	29	40	68	11	26	9	67	79	43	87	42	5	49	99	49	37	60	59	22	84	5	95	73	33	9	23	20	12	1	21	47	28	10	42	2	30	68	12	82	40	11	48	94	56	70	29	50	72	83	82	55	72	44	23	71	87	88	15	8	77	35	3	52	49	60	99	95	43	81	79	36	47	25	56	71	2	82	97	8	37	82	4	69	84	48	58	98	87	19	100	46	76	42	93	75	54	84	53	67	7	28	67	26	30	66	59	91	67	37	46
0	0	0	0	0	0	0	0	0	0	0	0	0	0	0	0	0	0	0	0	0	0	0	0	0	0	0	0	0	0	0	86	32	56	63	65	20	68	12	79	62	7	10	6	93	87	62	85	75	82	54	10	65	18	20	3	58	54	41	56	52	60	61	13	52	75	47	97	77	44	96	5	85	36	30	81	11	48	32	61	89	54	41	81	17	46	97	31	84	1	51	77	36	25	69	84	27	9	14	90	10	4	71	69	98	90	82	81	86	63	16	8	17	7	13	74	84	36	83	96	98	3	15	69	12	47	19	43	15	99	22	12	99	41	93	31	10	28	100	79	99	48	69	70	18	67	61	2	38	84	13	51	85	51	27	42	19	23	23	84	65	72	57	100	73	46	29	26	1	87	3	51	77	85	93	30	83	68	78	30	93	54	76	71	16	46	62	91	69	91	13	52	86	78	97	48	4	63	44	58
0	0	0	0	0	0	0	0	0	0	0	0	0	0	0	0	0	0	0	0	0	0	0	0	0	0	0	0	0	0	0	0	90	51	3	77	21	52	1	8	56	78	33	24	15	87	56	53	77	12	20	87	3	98	24	2	4	31	45	2	78	52	62	20	75	40	96	26	66	32	72	45	28	39	79	37	72	46	5	68	51	73	49	80	4	64	48	4	8	76	57	64	58	86	54	64	75	66	14	80	28	50	43	37	1	33	58	58	59	32	70	1	33	92	46	37	37	34	35	18	26	9	9	51	21	36	1	49	89	56	38	100	24	24	70	47	61	34	16	17	36	83	84	3	49	46	25	2	97	51	43	61	74	49	82	16	29	98	83	76	83	51	74	31	69	48	64	36	34	64	92	88	64	61	10	80	49	39	80	83	80	31	77	32	47	57	38	21	74	69	27	8	59	19	64	27	12	38	42	51
0	0	0	0	0	0	0	0	0	0	0	0	0	0	0	0	0	0	0	0	0	0	0	0	0	0	0	0	0	0	0	0	0	50	99	74	41	66	93	13	44	27	83	62	20	63	10	68	92	47	82	43	84	22	48	62	37	70	84	79	65	40	48	8	93	42	37	39	26	78	16	33	100	77	22	91	77	65	77	57	13	69	81	48	4	68	99	60	17	81	33	7	34	61	72	13	41	98	36	37	13	37	33	65	32	60	39	87	54	47	51	100	46	52	69	73	24	69	26	32	49	90	32	88	64	32	53	3	52	38	89	94	32	54	52	26	51	64	79	38	43	64	24	52	35	41	1	26	42	55	30	23	100	86	71	75	69	96	28	91	69	74	68	73	90	18	65	40	81	65	74	44	40	60	65	46	65	33	40	88	68	50	6	64	4	32	66	94	83	62	75	16	13	17	45	70	50	88	33	34
0	0	0	0	0	0	0	0	0	0	0	0	0	0	0	0	0	0	0	0	0	0	0	0	0	0	0	0	0	0	0	0	0	0	87	99	76	82	53	84	76	66	12	58	87	45	60	68	74	9	97	10	39	99	96	53	8	20	19	69	35	29	14	25	15	61	69	69	100	3	18	71	24	71	51	1	2	11	97	8	79	31	100	27	68	1	67	98	71	75	12	88	71	66	61	52	27	53	46	73	72	55	11	54	2	42	87	42	16	65	75	19	40	17	20	75	50	56	19	32	18	22	35	52	93	41	83	97	69	21	27	62	74	94	68	16	40	99	3	81	39	39	61	47	29	9	58	85	77	24	14	99	63	9	1	71	29	63	27	93	34	34	59	11	14	96	1	38	89	33	8	58	81	77	93	60	62	48	30	10	5	37	51	19	41	32	14	95	78	7	55	27	1	100	87	45	82	34	71	43
0	0	0	0	0	0	0	0	0	0	0	0	0	0	0	0	0	0	0	0	0	0	0	0	0	0	0	0	0	0	0	0	0	0	0	37	65	93	84	87	91	94	21	100	13	3	95	14	92	21	86	60	94	93	50	46	65	82	12	47	54	54	53	28	94	52	63	28	51	91	81	100	90	52	22	78	14	29	34	3	87	2	93	13	8	99	53	83	9	28	58	50	73	5	61	38	6	69	23	87	38	45	20	58	40	99	100	84	84	9	84	1	64	21	46	3	10	23	32	2	75	1	72	52	93	83	6	26	9	6	94	9	55	16	28	27	31	95	10	23	62	3	41	96	6	86	52	18	31	5	23	42	23	81	44	72	81	89	12	60	95	52	8	7	1	75	50	32	94	80	44	21	90	10	29	27	17	85	24	51	68	66	37	69	66	4	6	79	34	7	7	30	80	9	42	15	74	67	7	21
0	0	0	0	0	0	0	0	0	0	0	0	0	0	0	0	0	0	0	0	0	0	0	0	0	0	0	0	0	0	0	0	0	0	0	0	25	78	99	28	49	99	52	64	57	34	93	4	65	94	44	89	66	30	62	99	84	83	59	34	44	43	67	63	95	56	77	62	92	65	38	56	46	13	62	77	39	5	64	12	45	76	83	15	69	15	53	58	10	88	95	57	20	52	16	46	79	53	21	82	64	77	10	47	50	33	38	7	49	14	36	92	9	9	81	67	26	87	11	100	17	36	33	19	74	57	20	57	84	22	23	42	27	58	46	15	85	34	86	26	29	16	65	54	28	24	100	88	29	38	39	63	77	3	56	64	8	91	4	91	75	72	87	6	99	76	83	84	58	41	88	89	18	78	100	4	95	30	98	4	35	96	93	73	81	51	43	83	49	25	51	44	12	15	36	38	55	39	12	48
0	0	0	0	0	0	0	0	0	0	0	0	0	0	0	0	0	0	0	0	0	0	0	0	0	0	0	0	0	0	0	0	0	0	0	0	0	54	45	74	42	20	1	100	49	82	66	28	37	70	78	37	81	98	73	59	57	1	66	93	28	98	10	24	85	55	80	29	25	61	79	62	3	79	14	21	78	61	41	70	56	68	22	33	44	7	27	69	38	84	4	59	92	46	57	2	21	43	85	95	18	67	22	97	60	68	41	52	25	15	11	24	53	12	1	70	28	29	85	83	14	3	89	88	14	75	30	93	92	87	95	77	59	75	31	23	95	93	54	53	97	69	3	34	47	57	47	86	59	80	46	90	1	85	91	57	37	14	78	75	83	8	2	99	17	57	26	48	63	28	85	54	74	66	93	76	43	74	93	8	13	32	51	86	66	53	85	49	70	67	36	58	49	73	15	94	43	79	90	36
0	0	0	0	0	0	0	0	0	0	0	0	0	0	0	0	0	0	0	0	0	0	0	0	0	0	0	0	0	0	0	0	0	0	0	0	0	0	3	36	54	98	81	11	50	66	49	56	45	89	76	28	27	59	90	21	62	96	55	17	69	55	48	37	68	82	37	79	27	59	16	29	46	46	81	56	42	28	37	64	68	32	54	81	11	36	97	72	16	31	39	34	52	6	50	34	62	21	19	97	90	57	54	39	83	40	54	52	32	61	99	23	3	89	82	62	90	7	31	54	54	77	50	99	70	7	100	8	86	98	14	70	3	77	84	34	74	52	64	97	16	87	70	3	76	13	32	12	13	23	99	20	44	63	93	55	6	22	46	21	18	6	69	46	13	57	27	38	71	4	96	52	91	48	83	70	69	15	93	7	87	79	66	24	78	64	95	72	6	11	27	70	12	39	69	77	41	27	96	24
0	0	0	0	0	0	0	0	0	0	0	0	0	0	0	0	0	0	0	0	0	0	0	0	0	0	0	0	0	0	0	0	0	0	0	0	0	0	0	39	47	17	8	41	53	34	47	24	100	32	99	89	12	52	20	20	44	24	31	74	2	89	52	78	69	72	86	2	45	76	47	84	62	99	43	81	27	47	14	47	91	21	55	99	83	89	59	73	20	48	71	47	42	78	98	26	18	20	6	69	9	66	87	76	15	31	61	84	20	81	72	52	29	65	15	12	74	45	93	83	51	24	13	100	37	47	60	6	9	56	5	29	16	25	8	37	62	32	24	61	13	54	11	17	73	79	65	76	82	27	34	57	86	75	1	30	61	23	6	80	63	61	10	71	70	56	78	41	54	62	26	57	66	48	85	57	71	35	7	48	15	80	2	71	72	49	98	69	56	28	80	75	98	49	38	46	99	4	57	90
0	0	0	0	0	0	0	0	0	0	0	0	0	0	0	0	0	0	0	0	0	0	0	0	0	0	0	0	0	0	0	0	0	0	0	0	0	0	0	0	11	77	4	91	58	68	21	67	88	29	10	72	81	52	2	45	45	75	69	32	64	88	14	58	82	42	20	95	47	65	46	38	33	30	73	68	31	77	31	9	79	42	65	87	36	91	16	47	26	75	66	88	90	64	53	27	13	4	78	77	22	22	8	99	33	20	42	7	60	33	19	26	4	69	41	6	40	88	90	30	34	92	100	16	98	44	39	89	34	77	54	57	56	5	98	43	95	3	59	97	44	26	25	69	68	74	74	68	40	88	31	80	74	35	56	89	32	3	46	12	94	63	20	78	88	44	66	85	78	64	43	94	13	77	41	20	99	41	3	65	82	43	47	66	25	62	2	86	36	15	93	79	19	41	77	9	100	80	12	60
0	0	0	0	0	0	0	0	0	0	0	0	0	0	0	0	0	0	0	0	0	0	0	0	0	0	0	0	0	0	0	0	0	0	0	0	0	0	0	0	0	30	25	99	29	61	66	88	90	15	27	69	87	4	25	2	44	19	100	89	39	34	86	32	8	65	75	1	78	22	12	62	46	48	33	38	74	89	84	69	43	78	11	80	3	40	54	9	42	61	93	2	10	66	41	40	10	79	62	88	16	47	82	73	10	99	37	74	46	78	56	100	83	28	73	95	52	72	69	42	85	87	97	96	76	83	48	75	33	9	21	9	99	20	64	30	11	35	27	1	9	22	7	49	22	96	42	95	63	81	75	31	27	67	45	33	40	43	58	27	41	52	88	97	12	15	91	16	31	37	10	91	46	38	22	60	59	22	17	100	55	55	24	79	85	3	56	91	72	80	68	99	6	15	64	55	19	13	35	63
0	0	0	0	0	0	0	0	0	0	0	0	0	0	0	0	0	0	0	0	0	0	0	0	0	0	0	0	0	0	0	0	0	0	0	0	0	0	0	0	0	0	41	25	42	45	18	98	16	41	76	39	90	17	98	86	64	22	15	63	31	54	16	4	42	67	76	54	4	36	47	58	4	87	25	53	99	47	52	69	52	73	24	58	25	19	8	86	99	88	58	50	16	59	53	41	72	39	67	82	96	60	33	50	81	72	79	51	46	29	48	81	49	38	55	68	23	33	66	39	88	9	64	88	25	6	14	40	58	31	51	10	28	26	16	84	51	95	91	11	10	26	4	69	8	78	42	48	63	85	96	57	84	58	43	14	29	55	4	93	27	87	68	39	9	47	73	30	22	70	41	36	87	67	81	20	69	68	59	86	29	49	37	39	31	46	45	99	37	61	71	92	36	24	74	56	98	99	27	31
0	0	0	0	0	0	0	0	0	0	0	0	0	0	0	0	0	0	0	0	0	0	0	0	0	0	0	0	0	0	0	0	0	0	0	0	0	0	0	0	0	0	0	2	19	97	42	66	88	46	64	39	60	43	15	54	89	25	39	64	8	64	72	4	73	42	61	25	73	73	22	27	53	55	66	43	49	99	62	26	72	12	51	47	47	66	94	57	22	53	15	37	82	18	24	90	42	6	44	42	41	81	52	100	87	12	36	64	32	83	59	55	84	50	30	22	3	80	24	34	76	57	100	64	83	5	67	83	62	54	37	19	70	71	66	98	98	23	42	42	32	85	34	38	75	82	29	97	2	29	44	9	35	68	11	26	80	51	70	76	10	70	43	23	68	57	1	16	81	23	50	57	65	61	98	21	26	72	64	47	79	54	19	39	22	90	10	71	35	50	56	7	81	91	28	63	25	100	12	47
0	0	0	0	0	0	0	0	0	0	0	0	0	0	0	0	0	0	0	0	0	0	0	0	0	0	0	0	0	0	0	0	0	0	0	0	0	0	0	0	0	0	0	0	74	69	45	25	44	3	39	6	5	49	3	83	49	73	11	3	14	21	74	78	38	73	61	15	57	1	26	11	22	64	87	93	89	57	79	85	75	43	54	41	27	40	78	36	27	87	31	29	98	58	59	25	47	71	74	81	27	95	18	34	20	86	31	44	76	50	52	74	80	5	18	8	82	78	81	19	10	56	80	38	16	12	13	66	76	26	27	19	6	42	5	42	18	88	32	11	25	80	24	92	30	26	87	77	95	59	60	100	59	89	80	17	37	32	3	14	44	5	59	40	75	5	37	97	76	35	93	87	84	84	86	67	93	84	62	79	65	94	14	62	31	60	87	30	84	53	71	16	12	76	54	40	46	17	67	32
0	0	0	0	0	0	0	0	0	0	0	0	0	0	0	0	0	0	0	0	0	0	0	0	0	0	0	0	0	0	0	0	0	0	0	0	0	0	0	0	0	0	0	0	0	86	96	94	70	83	86	48	59	46	20	3	43	42	4	29	35	80	43	72	45	67	9	16	74	42	58	28	56	83	54	39	91	56	65	15	42	20	49	33	15	99	23	57	71	79	48	3	93	96	72	27	55	99	48	1	14	92	97	2	7	53	78	96	69	63	100	1	91	99	38	88	68	98	79	72	29	63	54	77	53	2	5	65	55	99	31	92	73	72	60	80	77	40	16	100	80	85	55	72	51	77	40	14	62	29	5	93	53	79	40	4	15	26	36	33	17	68	93	11	91	52	67	41	82	82	62	42	22	36	40	86	72	22	100	52	97	38	58	79	33	15	71	58	2	45	3	43	86	34	95	79	91	19	98	57
0	0	0	0	0	0	0	0	0	0	0	0	0	0	0	0	0	0	0	0	0	0	0	0	0	0	0	0	0	0	0	0	0	0	0	0	0	0	0	0	0	0	0	0	0	0	59	13	20	29	16	19	57	54	41	30	57	32	52	72	100	2	27	66	65	100	19	1	80	52	52	96	77	72	7	37	17	24	51	37	55	63	1	62	32	33	71	28	12	47	4	32	45	31	74	17	46	82	30	84	77	15	9	88	6	10	61	66	36	64	30	68	67	34	51	1	28	53	17	33	32	21	93	44	43	37	15	8	66	43	67	93	81	41	81	47	86	29	58	71	99	18	41	28	79	24	92	85	72	94	86	69	38	14	35	86	12	29	40	14	55	49	66	12	43	53	74	12	2	61	34	3	90	52	38	82	28	55	89	12	50	7	45	51	85	14	62	48	94	22	3	40	36	43	70	9	13	28	86	1
0	0	0	0	0	0	0	0	0	0	0	0	0	0	0	0	0	0	0	0	0	0	0	0	0	0	0	0	0	0	0	0	0	0	0	0	0	0	0	0	0	0	0	0	0	0	0	6	50	44	53	21	89	20	13	21	64	94	68	1	52	3	20	22	20	37	32	71	36	28	46	39	64	69	16	58	73	96	42	37	51	45	47	52	26	60	50	30	63	67	80	61	1	10	79	40	66	29	41	98	20	97	15	12	90	96	9	98	84	33	77	92	46	89	56	32	10	16	84	9	72	31	56	89	23	13	5	56	22	54	67	42	97	64	32	76	39	30	29	64	94	80	56	34	81	60	37	7	41	51	69	35	59	79	20	79	86	37	2	42	2	100	99	9	56	36	69	7	64	34	63	22	54	37	75	32	46	38	100	78	80	33	35	59	23	59	20	34	93	80	10	17	36	50	3	42	16	77	73	36
0	0	0	0	0	0	0	0	0	0	0	0	0	0	0	0	0	0	0	0	0	0	0	0	0	0	0	0	0	0	0	0	0	0	0	0	0	0	0	0	0	0	0	0	0	0	0	0	42	51	59	23	49	96	88	41	11	2	67	21	82	38	66	94	54	95	73	62	64	64	48	5	61	6	9	37	58	36	57	11	87	62	41	15	2	46	21	62	5	5	76	29	40	31	16	23	82	2	45	59	32	29	81	4	73	34	56	21	1	92	57	33	12	19	73	42	61	66	10	54	12	31	53	40	1	11	6	51	97	89	62	17	72	93	60	7	76	31	71	92	1	25	84	58	57	50	11	40	71	84	81	46	92	92	81	43	38	83	83	21	69	92	7	36	76	46	30	100	82	12	1	77	27	64	87	5	45	2	16	77	87	72	23	54	33	48	8	55	6	17	5	79	71	51	4	80	45	87	79	55
0	0	0	0	0	0	0	0	0	0	0	0	0	0	0	0	0	0	0	0	0	0	0	0	0	0	0	0	0	0	0	0	0	0	0	0	0	0	0	0	0	0	0	0	0	0	0	0	0	31	19	59	52	26	100	17	55	62	96	42	93	10	15	35	21	27	14	87	70	49	31	81	49	80	74	77	17	2	40	42	43	15	34	38	77	94	13	11	87	87	12	47	84	71	64	19	51	70	43	72	57	32	80	3	56	2	36	51	91	80	42	44	61	22	26	47	40	64	47	1	18	63	2	78	26	42	59	12	89	93	43	37	53	30	5	58	4	34	22	80	78	34	20	57	56	91	70	41	33	75	79	75	67	76	22	3	51	48	41	94	99	58	29	61	8	3	85	55	72	19	92	18	62	69	18	93	81	44	12	95	60	24	27	36	79	16	43	15	67	80	77	96	96	99	55	92	44	64	12	25
0	0	0	0	0	0	0	0	0	0	0	0	0	0	0	0	0	0	0	0	0	0	0	0	0	0	0	0	0	0	0	0	0	0	0	0	0	0	0	0	0	0	0	0	0	0	0	0	0	0	100	67	66	16	23	4	69	59	39	43	82	71	53	42	78	81	85	76	90	96	23	35	35	31	16	66	15	18	99	29	10	81	33	9	48	2	25	39	31	95	63	17	1	5	52	98	21	69	98	28	55	8	69	64	67	78	52	17	2	11	35	28	80	3	27	1	89	52	57	71	54	31	81	99	33	15	49	91	86	10	13	44	74	6	58	63	74	39	20	65	16	55	95	88	36	35	49	86	50	38	9	7	54	73	15	63	66	23	4	61	24	97	91	68	94	17	54	1	19	39	31	70	32	55	2	74	21	4	44	13	79	17	14	67	41	13	24	2	19	79	5	41	67	57	36	28	17	8	26	81
0	0	0	0	0	0	0	0	0	0	0	0	0	0	0	0	0	0	0	0	0	0	0	0	0	0	0	0	0	0	0	0	0	0	0	0	0	0	0	0	0	0	0	0	0	0	0	0	0	0	0	34	65	74	96	88	66	82	100	12	15	47	19	44	40	89	100	41	61	74	40	54	25	77	66	28	88	19	88	45	88	88	88	92	35	20	43	90	8	58	18	3	95	55	90	44	10	100	38	5	95	1	28	17	44	10	41	38	79	92	16	30	30	41	69	23	10	2	15	31	41	26	94	85	73	51	87	24	77	68	40	54	3	54	96	92	100	49	61	97	5	40	59	90	23	2	8	42	93	31	99	58	97	65	95	34	69	36	10	96	37	50	58	75	35	29	71	33	77	7	86	9	55	39	59	27	69	89	70	22	58	8	89	97	60	49	42	31	2	13	27	36	100	56	24	52	81	85	96	2
0	0	0	0	0	0	0	0	0	0	0	0	0	0	0	0	0	0	0	0	0	0	0	0	0	0	0	0	0	0	0	0	0	0	0	0	0	0	0	0	0	0	0	0	0	0	0	0	0	0	0	0	96	66	9	15	49	80	70	63	90	88	94	73	74	89	11	34	95	25	25	7	21	79	70	36	27	52	3	85	29	59	41	80	79	39	1	34	14	72	53	7	65	77	21	30	16	56	3	2	32	17	4	74	50	66	67	67	43	88	91	3	97	90	84	15	96	99	87	38	19	50	88	38	74	46	46	85	2	20	51	93	61	13	41	60	53	45	5	62	47	70	42	76	22	59	66	3	14	92	90	80	12	7	20	27	38	45	66	82	29	83	100	26	65	29	47	94	5	32	34	9	2	56	83	99	15	97	35	71	25	27	22	67	17	42	87	53	95	56	12	6	44	1	54	43	68	37	35	7
0	0	0	0	0	0	0	0	0	0	0	0	0	0	0	0	0	0	0	0	0	0	0	0	0	0	0	0	0	0	0	0	0	0	0	0	0	0	0	0	0	0	0	0	0	0	0	0	0	0	0	0	0	66	88	32	92	7	44	75	33	82	33	28	17	21	5	84	39	33	28	70	53	91	81	12	84	44	39	49	94	23	89	59	51	74	49	33	78	95	73	28	84	28	34	51	11	55	77	67	28	40	36	68	75	97	2	91	24	69	81	85	24	20	1	3	59	47	78	3	80	83	90	10	11	93	25	80	77	89	22	64	83	56	95	19	19	81	62	12	35	34	30	10	92	29	25	42	33	33	7	75	58	92	21	40	46	28	85	29	41	93	22	66	19	11	4	78	48	87	64	87	72	96	11	12	64	53	37	68	32	38	49	57	68	4	81	70	38	2	67	61	37	74	63	46	96	65	16	16
0	0	0	0	0	0	0	0	0	0	0	0	0	0	0	0	0	0	0	0	0	0	0	0	0	0	0	0	0	0	0	0	0	0	0	0	0	0	0	0	0	0	0	0	0	0	0	0	0	0	0	0	0	0	91	87	98	97	99	3	83	91	42	39	21	94	65	56	100	69	90	57	33	56	81	26	94	91	55	100	47	58	59	40	94	55	40	49	75	26	49	34	79	58	19	82	49	3	54	39	55	11	91	58	11	91	70	45	59	85	81	59	73	73	2	98	79	89	99	50	43	40	100	82	62	67	79	83	25	39	6	73	31	31	36	7	86	23	98	71	98	25	75	63	72	100	16	39	23	59	3	17	26	2	34	59	69	8	58	67	66	35	33	64	35	93	33	85	6	75	31	68	94	33	15	97	70	21	86	36	1	85	50	34	68	61	67	52	67	82	51	51	98	38	95	64	44	60	6	22
0	0	0	0	0	0	0	0	0	0	0	0	0	0	0	0	0	0	0	0	0	0	0	0	0	0	0	0	0	0	0	0	0	0	0	0	0	0	0	0	0	0	0	0	0	0	0	0	0	0	0	0	0	0	0	87	67	8	91	4	79	51	39	50	68	86	97	21	8	14	41	56	55	21	62	81	17	59	97	54	29	97	98	93	90	22	68	65	36	81	65	55	72	84	91	40	20	75	14	81	14	100	26	84	7	10	25	10	33	82	59	51	75	90	66	55	65	87	86	48	41	58	21	55	40	18	44	7	41	33	30	2	71	43	9	91	46	13	72	99	6	88	76	55	25	91	56	98	63	55	15	40	34	24	32	69	7	25	70	33	32	100	50	26	97	65	79	61	91	27	32	51	92	32	25	67	5	10	83	57	6	94	10	5	72	2	38	89	1	28	26	69	28	53	26	41	31	72	30	34
0	0	0	0	0	0	0	0	0	0	0	0	0	0	0	0	0	0	0	0	0	0	0	0	0	0	0	0	0	0	0	0	0	0	0	0	0	0	0	0	0	0	0	0	0	0	0	0	0	0	0	0	0	0	0	0	71	87	17	95	43	20	76	28	98	33	100	24	31	18	4	11	66	21	34	34	46	8	30	95	53	99	73	38	37	65	36	18	97	25	38	43	27	46	42	12	66	67	59	72	14	33	14	10	45	51	54	53	5	29	36	71	36	86	16	6	14	96	72	49	93	53	72	70	3	75	100	93	65	93	63	93	3	45	93	38	56	6	87	41	8	27	98	49	65	47	74	52	99	8	42	52	92	80	98	48	93	38	37	85	51	82	17	38	2	72	71	75	68	61	76	7	53	73	18	17	10	5	8	77	65	59	87	29	89	48	50	34	95	77	25	62	29	66	12	75	27	90	50	5
0	0	0	0	0	0	0	0	0	0	0	0	0	0	0	0	0	0	0	0	0	0	0	0	0	0	0	0	0	0	0	0	0	0	0	0	0	0	0	0	0	0	0	0	0	0	0	0	0	0	0	0	0	0	0	0	0	20	33	35	74	74	5	95	35	2	48	70	96	98	55	53	21	5	47	54	52	75	6	76	2	38	29	13	85	97	73	53	88	20	81	80	67	13	73	53	63	38	49	20	94	3	33	6	84	63	25	70	25	27	66	74	11	95	84	84	12	58	91	85	97	89	65	65	74	19	62	69	73	36	74	73	71	12	80	20	94	16	97	59	54	60	53	32	23	99	93	53	91	40	45	8	42	58	41	44	18	96	27	29	98	4	93	86	42	81	30	49	8	54	15	29	2	14	78	32	24	59	67	79	47	41	95	51	80	52	42	66	43	80	98	91	32	28	90	70	19	86	73	64
0	0	0	0	0	0	0	0	0	0	0	0	0	0	0	0	0	0	0	0	0	0	0	0	0	0	0	0	0	0	0	0	0	0	0	0	0	0	0	0	0	0	0	0	0	0	0	0	0	0	0	0	0	0	0	0	0	0	60	4	87	48	66	1	18	28	57	94	35	59	39	95	57	79	12	33	95	86	94	59	9	18	4	22	59	78	91	59	6	2	75	91	49	43	5	25	86	3	50	84	91	16	60	83	54	3	96	92	100	57	86	77	85	62	10	70	70	34	38	27	5	97	46	69	90	99	20	66	83	25	18	6	18	11	45	61	51	63	65	23	25	38	61	42	66	99	58	23	2	30	99	84	98	35	35	66	33	83	66	7	96	50	59	19	40	56	87	74	28	19	64	62	11	83	60	41	23	25	85	65	96	73	74	76	64	18	52	9	75	64	88	26	64	90	52	28	42	58	45	59
0	0	0	0	0	0	0	0	0	0	0	0	0	0	0	0	0	0	0	0	0	0	0	0	0	0	0	0	0	0	0	0	0	0	0	0	0	0	0	0	0	0	0	0	0	0	0	0	0	0	0	0	0	0	0	0	0	0	0	37	47	71	69	53	54	69	92	30	77	77	5	46	83	72	53	48	12	43	6	58	6	85	14	74	74	93	4	31	82	24	31	2	44	56	49	83	7	20	69	61	57	15	6	42	58	1	93	54	4	54	50	20	16	78	26	47	13	70	43	15	68	40	85	42	92	21	38	38	52	76	42	45	83	32	93	52	36	48	53	66	90	67	96	41	67	30	99	59	70	39	54	42	91	19	97	14	33	72	67	17	35	42	29	69	2	70	25	54	10	6	85	95	39	8	56	23	3	18	5	69	91	99	4	1	60	12	2	58	2	23	40	40	4	5	51	3	6	79	19	78
0	0	0	0	0	0	0	0	0	0	0	0	0	0	0	0	0	0	0	0	0	0	0	0	0	0	0	0	0	0	0	0	0	0	0	0	0	0	0	0	0	0	0	0	0	0	0	0	0	0	0	0	0	0	0	0	0	0	0	0	63	82	5	43	49	7	99	8	56	86	25	19	56	88	50	75	59	53	54	98	63	88	49	31	36	62	80	45	87	53	85	67	40	25	21	100	22	18	49	71	65	25	41	63	31	97	99	60	92	94	71	29	68	98	51	59	51	44	4	40	78	46	6	18	45	2	37	19	61	63	64	76	6	72	78	90	77	14	88	93	2	65	50	92	10	60	70	3	89	12	59	8	37	100	71	93	21	14	53	51	30	32	18	92	9	78	39	15	51	64	79	84	9	15	84	31	31	44	17	71	21	49	77	4	22	33	26	42	61	68	81	78	49	36	35	46	96	15	98	52
0	0	0	0	0	0	0	0	0	0	0	0	0	0	0	0	0	0	0	0	0	0	0	0	0	0	0	0	0	0	0	0	0	0	0	0	0	0	0	0	0	0	0	0	0	0	0	0	0	0	0	0	0	0	0	0	0	0	0	0	0	68	89	55	68	67	42	43	94	73	97	52	60	80	32	30	30	56	91	7	21	1	13	28	50	42	31	34	98	68	44	50	87	60	90	65	50	70	38	4	69	39	6	95	89	13	49	65	28	71	76	53	100	40	57	96	4	85	24	59	8	28	5	34	1	47	27	99	36	66	30	91	59	45	81	24	50	18	87	84	47	67	67	100	81	43	31	51	19	35	37	27	57	89	89	48	58	41	48	57	41	100	31	23	89	79	25	36	71	44	78	33	15	84	75	45	47	25	95	26	33	23	97	33	20	19	33	30	90	82	49	22	33	48	96	78	67	1	30	53
0	0	0	0	0	0	0	0	0	0	0	0	0	0	0	0	0	0	0	0	0	0	0	0	0	0	0	0	0	0	0	0	0	0	0	0	0	0	0	0	0	0	0	0	0	0	0	0	0	0	0	0	0	0	0	0	0	0	0	0	0	0	5	18	51	73	27	83	10	55	74	20	42	25	84	77	92	70	58	65	28	65	56	43	7	2	68	54	34	91	5	76	24	58	63	6	62	53	36	46	39	34	23	62	72	52	37	65	10	97	85	92	67	66	81	19	92	38	59	53	68	81	6	90	31	12	37	33	2	39	58	3	46	91	1	79	96	23	36	47	83	42	67	59	54	87	81	94	5	81	69	98	55	34	72	93	79	86	28	90	15	28	49	5	71	69	44	33	91	26	13	71	59	34	99	44	83	17	64	76	39	31	95	5	67	72	9	4	80	8	30	62	74	4	69	20	94	21	73	65
0	0	0	0	0	0	0	0	0	0	0	0	0	0	0	0	0	0	0	0	0	0	0	0	0	0	0	0	0	0	0	0	0	0	0	0	0	0	0	0	0	0	0	0	0	0	0	0	0	0	0	0	0	0	0	0	0	0	0	0	0	0	0	84	69	47	62	98	28	14	97	65	24	17	25	32	5	51	81	58	60	2	51	98	63	9	21	63	71	21	96	50	38	15	10	3	88	80	10	28	5	58	22	46	15	30	93	65	47	51	3	67	46	58	94	49	15	9	63	85	88	67	42	45	45	62	50	82	78	14	13	81	68	13	73	22	80	77	53	83	31	18	18	88	66	59	50	93	62	53	99	9	89	8	8	2	85	90	30	50	41	41	38	49	17	31	51	22	46	15	99	40	19	93	28	69	64	11	69	38	14	52	81	58	81	79	60	93	66	92	86	34	59	35	69	52	17	46	23	54
0	0	0	0	0	0	0	0	0	0	0	0	0	0	0	0	0	0	0	0	0	0	0	0	0	0	0	0	0	0	0	0	0	0	0	0	0	0	0	0	0	0	0	0	0	0	0	0	0	0	0	0	0	0	0	0	0	0	0	0	0	0	0	0	36	31	77	18	79	47	62	27	4	39	25	100	75	25	11	77	95	67	29	30	57	10	13	15	82	22	67	38	35	40	95	93	20	51	42	91	34	24	11	74	54	14	73	27	72	37	43	81	68	51	67	69	97	63	12	72	88	39	42	47	32	92	52	79	64	89	90	33	16	20	73	1	14	10	93	23	45	62	2	11	17	56	90	78	94	52	14	83	6	46	72	40	27	59	58	90	49	82	77	42	94	36	73	25	67	61	21	45	7	39	95	99	40	26	38	18	1	55	32	84	28	83	11	11	100	31	72	91	23	2	100	48	59	38	14	17
0	0	0	0	0	0	0	0	0	0	0	0	0	0	0	0	0	0	0	0	0	0	0	0	0	0	0	0	0	0	0	0	0	0	0	0	0	0	0	0	0	0	0	0	0	0	0	0	0	0	0	0	0	0	0	0	0	0	0	0	0	0	0	0	0	23	100	69	27	81	76	63	88	26	69	76	91	58	23	66	20	62	42	97	13	88	70	67	20	2	92	21	98	92	69	62	18	20	35	6	2	20	86	90	38	39	68	71	2	84	100	96	90	80	10	13	6	50	16	18	61	94	5	10	7	80	34	42	27	48	14	3	54	70	20	67	98	83	16	14	35	87	39	9	71	26	4	76	67	83	35	54	89	95	93	70	1	59	79	61	69	65	28	91	88	2	90	95	96	34	9	47	94	99	47	49	55	35	12	48	38	14	41	11	93	65	64	25	83	78	47	37	51	72	54	64	98	10	20	42
0	0	0	0	0	0	0	0	0	0	0	0	0	0	0	0	0	0	0	0	0	0	0	0	0	0	0	0	0	0	0	0	0	0	0	0	0	0	0	0	0	0	0	0	0	0	0	0	0	0	0	0	0	0	0	0	0	0	0	0	0	0	0	0	0	0	27	79	75	50	52	1	52	10	53	93	21	63	77	79	81	57	56	24	82	71	5	12	78	63	90	53	28	53	18	42	75	95	71	16	2	97	71	69	50	42	74	90	21	35	38	99	83	83	43	79	34	5	7	70	73	10	69	68	14	55	46	50	70	75	57	20	5	41	40	2	50	58	17	68	22	78	74	66	88	86	66	84	50	25	92	31	27	95	37	49	52	60	60	3	86	85	89	26	93	87	16	20	75	5	18	73	5	99	58	38	59	85	68	49	80	85	6	35	8	10	17	55	9	66	14	97	25	15	38	31	70	46	37	19
0	0	0	0	0	0	0	0	0	0	0	0	0	0	0	0	0	0	0	0	0	0	0	0	0	0	0	0	0	0	0	0	0	0	0	0	0	0	0	0	0	0	0	0	0	0	0	0	0	0	0	0	0	0	0	0	0	0	0	0	0	0	0	0	0	0	0	53	20	38	82	5	18	61	13	60	37	89	19	69	80	76	19	52	22	66	48	50	16	14	55	41	47	1	32	48	6	96	16	9	79	49	95	12	52	82	83	84	26	6	31	8	14	94	22	20	52	96	99	7	17	34	37	85	53	53	19	78	67	34	7	46	53	46	60	32	75	63	71	34	91	31	35	70	47	52	61	7	48	94	75	80	75	4	79	62	62	31	89	1	29	41	79	36	19	74	49	6	49	98	69	2	49	51	12	20	3	38	75	73	9	100	78	84	2	50	58	66	42	14	10	73	12	23	20	95	85	29	66	78
0	0	0	0	0	0	0	0	0	0	0	0	0	0	0	0	0	0	0	0	0	0	0	0	0	0	0	0	0	0	0	0	0	0	0	0	0	0	0	0	0	0	0	0	0	0	0	0	0	0	0	0	0	0	0	0	0	0	0	0	0	0	0	0	0	0	0	0	73	61	98	16	4	86	2	12	35	16	72	19	88	87	82	29	24	38	74	59	17	19	74	54	81	38	99	24	54	57	75	44	3	87	53	73	71	65	61	14	33	30	17	27	9	3	80	77	27	35	2	93	10	9	25	12	34	92	19	10	11	1	88	35	3	91	38	36	75	32	48	76	39	92	9	24	51	3	4	60	57	73	30	74	46	17	90	54	21	48	68	77	4	31	40	12	57	7	90	29	4	22	37	60	24	26	49	83	51	56	30	64	44	15	11	56	100	67	99	21	49	97	79	34	40	75	61	55	97	34	25	92
0	0	0	0	0	0	0	0	0	0	0	0	0	0	0	0	0	0	0	0	0	0	0	0	0	0	0	0	0	0	0	0	0	0	0	0	0	0	0	0	0	0	0	0	0	0	0	0	0	0	0	0	0	0	0	0	0	0	0	0	0	0	0	0	0	0	0	0	0	69	64	98	67	92	25	4	42	29	89	54	15	23	95	76	98	50	74	74	61	87	9	79	51	24	38	37	48	28	68	89	30	83	1	21	85	71	39	7	48	28	99	64	38	74	52	49	32	65	34	81	50	5	75	69	71	68	60	81	23	37	89	25	78	2	46	36	33	78	37	5	33	65	9	91	77	2	70	11	99	20	4	6	56	96	86	76	71	43	76	81	99	8	88	86	52	21	94	49	65	99	55	90	25	68	88	89	76	1	97	89	58	25	60	78	58	21	100	88	17	2	54	1	73	37	47	30	73	89	30	10
0	0	0	0	0	0	0	0	0	0	0	0	0	0	0	0	0	0	0	0	0	0	0	0	0	0	0	0	0	0	0	0	0	0	0	0	0	0	0	0	0	0	0	0	0	0	0	0	0	0	0	0	0	0	0	0	0	0	0	0	0	0	0	0	0	0	0	0	0	0	31	20	98	79	45	64	19	41	63	61	45	32	45	85	41	13	37	27	8	26	24	33	99	81	61	76	97	57	72	42	85	56	40	60	52	35	88	38	27	66	21	28	10	43	73	87	47	75	85	94	74	74	52	3	19	21	87	97	42	17	25	67	88	75	88	59	42	26	99	26	59	41	95	48	12	98	17	56	91	100	89	34	26	6	61	73	5	17	22	29	14	21	12	29	26	3	30	13	41	77	4	51	72	63	85	41	71	74	85	84	25	16	23	55	40	97	100	94	98	49	83	58	37	18	14	4	96	88	75	66
0	0	0	0	0	0	0	0	0	0	0	0	0	0	0	0	0	0	0	0	0	0	0	0	0	0	0	0	0	0	0	0	0	0	0	0	0	0	0	0	0	0	0	0	0	0	0	0	0	0	0	0	0	0	0	0	0	0	0	0	0	0	0	0	0	0	0	0	0	0	0	79	15	61	46	18	86	26	97	55	19	57	47	56	15	69	53	88	36	8	44	49	84	66	66	19	30	18	23	50	89	72	7	9	53	77	42	92	3	60	89	28	67	26	20	57	37	52	97	65	57	45	24	63	76	43	20	56	5	28	95	47	52	6	58	80	18	9	16	86	98	41	78	22	60	59	48	55	73	96	58	65	51	40	17	51	47	50	44	21	1	77	100	11	95	16	29	38	19	100	16	89	39	34	34	93	6	36	70	99	25	44	64	27	59	16	93	62	67	30	71	4	33	40	9	11	96	36	67	61
0	0	0	0	0	0	0	0	0	0	0	0	0	0	0	0	0	0	0	0	0	0	0	0	0	0	0	0	0	0	0	0	0	0	0	0	0	0	0	0	0	0	0	0	0	0	0	0	0	0	0	0	0	0	0	0	0	0	0	0	0	0	0	0	0	0	0	0	0	0	0	0	63	14	50	49	93	95	75	53	44	85	23	84	35	5	19	52	4	73	73	59	50	28	91	42	22	57	91	23	77	84	60	20	46	27	89	41	90	87	96	6	10	55	19	87	28	68	43	66	71	76	52	43	53	28	46	55	2	4	53	14	99	22	41	2	57	92	58	26	41	47	26	85	33	33	1	60	13	74	52	74	11	11	20	9	60	54	82	63	57	66	80	41	90	94	52	41	7	87	56	95	25	79	27	8	52	88	74	50	44	22	39	96	28	32	50	14	39	49	73	15	78	18	44	35	43	58	95	91
0	0	0	0	0	0	0	0	0	0	0	0	0	0	0	0	0	0	0	0	0	0	0	0	0	0	0	0	0	0	0	0	0	0	0	0	0	0	0	0	0	0	0	0	0	0	0	0	0	0	0	0	0	0	0	0	0	0	0	0	0	0	0	0	0	0	0	0	0	0	0	0	0	61	63	48	24	32	79	64	84	12	82	2	49	14	90	42	52	39	59	77	66	50	34	26	89	89	8	17	53	52	36	56	46	98	1	18	83	36	67	34	81	68	1	84	46	43	68	43	82	67	58	3	56	37	89	98	26	70	89	50	54	5	61	21	33	30	75	86	5	78	94	88	48	36	80	57	97	82	62	69	47	65	99	29	12	47	50	79	15	46	64	72	47	32	81	33	80	50	48	63	97	46	30	82	99	37	76	25	93	41	76	72	85	60	69	74	51	94	57	15	58	37	21	82	19	40	76	25
0	0	0	0	0	0	0	0	0	0	0	0	0	0	0	0	0	0	0	0	0	0	0	0	0	0	0	0	0	0	0	0	0	0	0	0	0	0	0	0	0	0	0	0	0	0	0	0	0	0	0	0	0	0	0	0	0	0	0	0	0	0	0	0	0	0	0	0	0	0	0	0	0	0	62	21	84	2	25	12	9	76	4	46	71	3	14	67	4	61	93	40	81	27	17	68	89	40	60	66	32	25	79	60	77	91	25	68	72	78	73	44	43	90	33	79	31	92	17	47	44	14	7	62	22	68	21	95	15	20	34	33	6	13	30	50	42	12	28	2	7	36	10	98	90	81	76	41	96	32	2	23	78	85	64	33	68	76	4	81	87	94	22	91	30	62	13	28	33	33	79	83	77	8	91	38	88	3	87	56	48	70	76	9	71	48	58	86	67	25	81	67	81	58	94	91	36	99	28	36
0	0	0	0	0	0	0	0	0	0	0	0	0	0	0	0	0	0	0	0	0	0	0	0	0	0	0	0	0	0	0	0	0	0	0	0	0	0	0	0	0	0	0	0	0	0	0	0	0	0	0	0	0	0	0	0	0	0	0	0	0	0	0	0	0	0	0	0	0	0	0	0	0	0	0	62	93	78	88	74	81	81	56	10	18	28	63	57	59	52	30	2	89	35	64	99	100	77	57	93	45	25	25	5	20	66	20	87	68	57	56	95	24	36	51	12	69	29	42	70	82	25	82	42	19	29	63	17	100	51	11	86	1	10	98	75	19	91	49	6	94	72	32	63	33	63	57	66	92	44	97	36	97	44	46	62	7	78	64	76	11	76	21	81	64	99	38	16	66	16	99	72	23	51	99	62	79	22	48	43	31	39	97	90	5	8	8	23	67	40	90	85	81	43	83	58	29	6	43	88
0	0	0	0	0	0	0	0	0	0	0	0	0	0	0	0	0	0	0	0	0	0	0	0	0	0	0	0	0	0	0	0	0	0	0	0	0	0	0	0	0	0	0	0	0	0	0	0	0	0	0	0	0	0	0	0	0	0	0	0	0	0	0	0	0	0	0	0	0	0	0	0	0	0	0	0	18	17	14	5	48	94	17	21	63	6	21	57	55	96	86	40	49	26	8	5	77	45	98	34	56	81	21	40	64	69	3	21	70	77	6	13	3	9	71	14	93	35	20	82	38	78	23	46	83	13	4	35	39	31	31	25	94	85	42	53	25	11	78	37	79	36	6	68	66	80	44	68	8	100	81	70	2	1	48	88	60	86	75	63	79	80	89	58	39	32	4	11	12	40	83	79	1	84	72	45	52	59	61	84	69	74	24	47	6	8	58	71	64	81	12	71	92	30	25	39	89	93	61	15
0	0	0	0	0	0	0	0	0	0	0	0	0	0	0	0	0	0	0	0	0	0	0	0	0	0	0	0	0	0	0	0	0	0	0	0	0	0	0	0	0	0	0	0	0	0	0	0	0	0	0	0	0	0	0	0	0	0	0	0	0	0	0	0	0	0	0	0	0	0	0	0	0	0	0	0	0	81	51	34	92	35	14	95	9	13	22	89	60	56	60	9	47	14	13	72	82	34	61	73	36	70	91	23	78	18	21	63	53	85	14	24	15	86	96	98	12	97	22	8	79	32	15	44	92	50	35	98	70	99	78	28	81	26	86	13	38	22	64	52	84	27	20	12	4	22	46	2	93	5	5	55	53	50	6	57	43	26	10	53	29	54	25	43	28	46	87	97	15	42	77	89	54	55	9	87	43	22	44	84	46	43	60	74	90	98	38	64	67	27	98	24	29	44	42	8	79	12	97	31
0	0	0	0	0	0	0	0	0	0	0	0	0	0	0	0	0	0	0	0	0	0	0	0	0	0	0	0	0	0	0	0	0	0	0	0	0	0	0	0	0	0	0	0	0	0	0	0	0	0	0	0	0	0	0	0	0	0	0	0	0	0	0	0	0	0	0	0	0	0	0	0	0	0	0	0	0	0	42	78	24	50	73	1	9	72	29	59	36	74	29	45	87	31	95	75	34	56	7	95	3	24	22	33	80	48	11	14	62	46	58	18	79	39	22	65	100	7	69	61	65	81	39	30	7	16	55	42	63	38	18	88	97	4	38	40	79	79	100	6	21	50	7	13	51	16	52	3	94	89	83	75	65	49	44	18	26	41	71	74	24	79	73	85	56	8	95	11	65	41	90	11	58	64	6	28	30	61	25	4	51	1	71	54	32	62	11	57	5	5	97	49	46	57	20	54	4	33	20	91
0	0	0	0	0	0	0	0	0	0	0	0	0	0	0	0	0	0	0	0	0	0	0	0	0	0	0	0	0	0	0	0	0	0	0	0	0	0	0	0	0	0	0	0	0	0	0	0	0	0	0	0	0	0	0	0	0	0	0	0	0	0	0	0	0	0	0	0	0	0	0	0	0	0	0	0	0	0	0	31	30	72	98	33	55	38	11	44	38	11	58	91	36	50	81	31	68	5	88	21	40	59	97	77	25	14	23	13	71	33	67	71	62	31	13	94	7	51	17	88	42	47	43	46	1	83	50	1	34	86	21	48	15	48	2	43	31	1	81	11	16	11	65	89	84	11	46	57	5	61	91	19	63	65	26	20	56	90	3	63	18	14	14	16	49	61	9	47	95	67	54	46	62	93	2	36	62	60	83	86	5	37	44	12	11	12	87	37	86	16	24	25	35	57	54	47	59	73	58	87
0	0	0	0	0	0	0	0	0	0	0	0	0	0	0	0	0	0	0	0	0	0	0	0	0	0	0	0	0	0	0	0	0	0	0	0	0	0	0	0	0	0	0	0	0	0	0	0	0	0	0	0	0	0	0	0	0	0	0	0	0	0	0	0	0	0	0	0	0	0	0	0	0	0	0	0	0	0	0	0	33	57	20	70	93	35	41	49	66	18	58	1	81	49	1	4	80	82	35	85	14	96	26	34	12	58	84	19	56	80	65	68	57	51	66	11	80	94	27	20	90	64	90	46	12	4	42	22	56	21	96	52	97	90	1	75	26	71	43	2	68	58	57	21	15	92	60	69	23	4	48	47	64	35	52	13	31	23	51	63	68	22	36	15	2	10	77	31	6	26	48	82	32	68	83	38	50	10	26	65	43	63	15	81	41	63	46	46	12	88	31	19	48	80	97	20	81	49	1	22
0	0	0	0	0	0	0	0	0	0	0	0	0	0	0	0	0	0	0	0	0	0	0	0	0	0	0	0	0	0	0	0	0	0	0	0	0	0	0	0	0	0	0	0	0	0	0	0	0	0	0	0	0	0	0	0	0	0	0	0	0	0	0	0	0	0	0	0	0	0	0	0	0	0	0	0	0	0	0	0	0	14	23	44	90	91	76	86	49	8	11	44	41	59	19	85	88	1	27	5	93	86	54	11	21	56	85	5	12	63	10	22	10	7	28	80	89	17	41	47	95	63	27	31	42	80	98	70	80	8	37	42	82	42	85	18	65	92	75	43	99	47	61	43	92	17	23	23	57	3	44	98	42	36	36	10	16	93	30	73	2	86	67	88	65	39	78	93	44	52	83	64	26	22	11	74	43	68	5	85	69	57	99	55	58	32	85	16	64	26	43	47	26	11	26	63	11	66	76	84
0	0	0	0	0	0	0	0	0	0	0	0	0	0	0	0	0	0	0	0	0	0	0	0	0	0	0	0	0	0	0	0	0	0	0	0	0	0	0	0	0	0	0	0	0	0	0	0	0	0	0	0	0	0	0	0	0	0	0	0	0	0	0	0	0	0	0	0	0	0	0	0	0	0	0	0	0	0	0	0	0	0	42	79	37	50	83	75	62	16	16	3	6	98	88	82	1	61	27	77	29	75	12	100	31	16	55	59	86	99	78	22	39	19	10	67	9	15	23	82	5	84	30	60	10	86	4	2	54	100	35	24	89	30	26	34	72	99	57	25	30	48	91	79	11	53	44	46	18	65	51	44	77	60	10	46	80	1	24	33	47	46	5	97	69	90	48	84	89	17	81	55	80	71	91	22	25	14	1	26	77	34	33	37	60	49	87	60	85	8	16	32	39	45	43	68	24	21	79	3
0	0	0	0	0	0	0	0	0	0	0	0	0	0	0	0	0	0	0	0	0	0	0	0	0	0	0	0	0	0	0	0	0	0	0	0	0	0	0	0	0	0	0	0	0	0	0	0	0	0	0	0	0	0	0	0	0	0	0	0	0	0	0	0	0	0	0	0	0	0	0	0	0	0	0	0	0	0	0	0	0	0	0	38	74	59	35	26	82	92	6	68	56	57	17	94	93	95	75	41	54	67	79	53	5	100	3	58	54	65	56	11	13	28	71	8	61	54	95	93	71	51	28	76	13	3	20	73	30	3	84	72	100	82	32	92	34	4	81	8	16	76	23	43	36	58	7	86	35	79	85	56	77	17	31	54	70	44	35	17	94	51	80	41	83	81	81	18	46	96	74	90	80	39	47	45	28	12	87	92	71	65	58	49	40	68	23	5	26	31	34	24	67	54	66	37	22	44	95	90
0	0	0	0	0	0	0	0	0	0	0	0	0	0	0	0	0	0	0	0	0	0	0	0	0	0	0	0	0	0	0	0	0	0	0	0	0	0	0	0	0	0	0	0	0	0	0	0	0	0	0	0	0	0	0	0	0	0	0	0	0	0	0	0	0	0	0	0	0	0	0	0	0	0	0	0	0	0	0	0	0	0	0	0	21	52	26	19	18	23	70	44	28	72	51	26	39	9	62	66	44	38	9	41	22	89	21	40	67	7	78	19	39	86	98	45	84	92	94	15	65	28	86	11	57	88	80	29	57	6	1	4	18	93	56	74	70	85	32	13	97	72	61	44	67	19	34	51	81	96	98	51	94	93	61	49	37	14	34	20	17	77	15	11	48	83	89	53	89	100	91	45	37	36	74	42	17	56	63	48	54	48	65	5	33	87	29	87	90	13	24	79	40	73	12	7	56	86	7	1
0	0	0	0	0	0	0	0	0	0	0	0	0	0	0	0	0	0	0	0	0	0	0	0	0	0	0	0	0	0	0	0	0	0	0	0	0	0	0	0	0	0	0	0	0	0	0	0	0	0	0	0	0	0	0	0	0	0	0	0	0	0	0	0	0	0	0	0	0	0	0	0	0	0	0	0	0	0	0	0	0	0	0	0	0	52	69	1	34	99	86	94	3	59	13	85	19	65	52	87	24	69	13	31	89	18	32	10	79	90	63	68	23	49	100	43	6	27	93	36	90	7	56	43	58	1	57	87	94	88	84	33	97	11	23	75	2	23	49	61	34	39	79	94	20	19	64	40	1	37	64	22	75	45	85	8	68	17	21	23	87	74	8	34	90	31	79	33	64	48	55	44	27	22	12	16	50	86	73	62	36	59	13	65	65	74	25	91	15	77	32	51	51	56	84	46	94	8	66	73
0	0	0	0	0	0	0	0	0	0	0	0	0	0	0	0	0	0	0	0	0	0	0	0	0	0	0	0	0	0	0	0	0	0	0	0	0	0	0	0	0	0	0	0	0	0	0	0	0	0	0	0	0	0	0	0	0	0	0	0	0	0	0	0	0	0	0	0	0	0	0	0	0	0	0	0	0	0	0	0	0	0	0	0	0	0	21	25	6	31	31	60	30	56	17	66	89	81	66	1	68	79	46	73	71	48	2	1	87	77	89	68	84	62	65	3	79	14	58	31	38	91	20	8	10	51	36	96	67	55	12	62	86	1	68	58	69	11	38	35	69	87	23	8	5	93	3	96	83	86	90	92	27	43	33	67	64	14	73	38	55	13	92	67	99	55	96	57	42	49	8	5	71	42	7	2	89	84	61	50	17	83	71	22	69	28	94	53	43	55	90	26	52	85	81	91	78	61	74	26
0	0	0	0	0	0	0	0	0	0	0	0	0	0	0	0	0	0	0	0	0	0	0	0	0	0	0	0	0	0	0	0	0	0	0	0	0	0	0	0	0	0	0	0	0	0	0	0	0	0	0	0	0	0	0	0	0	0	0	0	0	0	0	0	0	0	0	0	0	0	0	0	0	0	0	0	0	0	0	0	0	0	0	0	0	0	0	22	14	65	19	68	70	18	32	45	70	82	70	67	39	11	87	59	73	75	42	99	51	27	55	32	14	27	52	11	83	62	65	85	8	36	63	29	11	27	9	14	68	35	67	65	56	7	65	39	10	97	37	46	82	42	13	82	81	14	43	64	29	99	23	63	18	98	6	34	49	12	85	42	85	26	55	40	43	43	75	36	20	15	70	1	60	17	84	94	81	71	3	26	47	55	10	76	45	74	35	45	20	27	57	62	21	45	31	59	1	83	46	27
0	0	0	0	0	0	0	0	0	0	0	0	0	0	0	0	0	0	0	0	0	0	0	0	0	0	0	0	0	0	0	0	0	0	0	0	0	0	0	0	0	0	0	0	0	0	0	0	0	0	0	0	0	0	0	0	0	0	0	0	0	0	0	0	0	0	0	0	0	0	0	0	0	0	0	0	0	0	0	0	0	0	0	0	0	0	0	0	67	14	19	19	72	38	29	100	51	73	46	12	96	88	100	32	55	20	72	65	52	37	19	59	21	99	82	7	72	58	84	50	21	60	46	5	20	99	10	32	54	52	89	7	6	38	76	47	88	80	90	48	56	58	69	59	68	77	42	76	9	85	95	82	96	35	72	18	35	16	45	82	22	37	4	34	19	99	30	45	26	75	53	18	86	34	78	100	54	6	32	97	72	72	65	63	28	78	68	55	4	67	73	50	44	55	6	34	88	49	99	15
0	0	0	0	0	0	0	0	0	0	0	0	0	0	0	0	0	0	0	0	0	0	0	0	0	0	0	0	0	0	0	0	0	0	0	0	0	0	0	0	0	0	0	0	0	0	0	0	0	0	0	0	0	0	0	0	0	0	0	0	0	0	0	0	0	0	0	0	0	0	0	0	0	0	0	0	0	0	0	0	0	0	0	0	0	0	0	0	0	24	67	52	21	20	52	42	20	68	78	8	6	60	15	12	89	36	42	71	91	64	34	86	24	71	82	12	34	82	29	57	43	39	3	28	86	79	41	61	37	94	81	81	77	91	77	83	12	60	66	73	11	48	46	72	64	51	67	85	52	39	31	54	18	49	40	16	31	64	37	95	82	78	100	12	99	32	68	14	40	73	10	93	90	50	63	24	6	53	40	70	40	84	11	36	16	90	40	10	72	57	44	97	90	23	50	64	18	90	86	98
0	0	0	0	0	0	0	0	0	0	0	0	0	0	0	0	0	0	0	0	0	0	0	0	0	0	0	0	0	0	0	0	0	0	0	0	0	0	0	0	0	0	0	0	0	0	0	0	0	0	0	0	0	0	0	0	0	0	0	0	0	0	0	0	0	0	0	0	0	0	0	0	0	0	0	0	0	0	0	0	0	0	0	0	0	0	0	0	0	0	46	2	78	60	50	19	37	24	22	13	31	87	99	69	92	81	77	97	10	19	20	79	66	73	39	74	15	26	74	22	88	69	4	92	15	34	43	83	43	70	8	49	12	32	32	74	72	64	86	18	90	10	44	42	82	73	32	61	39	58	50	81	49	81	47	74	16	42	50	22	82	45	73	84	17	80	56	90	21	38	53	17	12	33	11	54	49	56	52	4	35	3	79	93	47	13	80	68	9	89	27	24	54	25	47	63	84	43	43	59
0	0	0	0	0	0	0	0	0	0	0	0	0	0	0	0	0	0	0	0	0	0	0	0	0	0	0	0	0	0	0	0	0	0	0	0	0	0	0	0	0	0	0	0	0	0	0	0	0	0	0	0	0	0	0	0	0	0	0	0	0	0	0	0	0	0	0	0	0	0	0	0	0	0	0	0	0	0	0	0	0	0	0	0	0	0	0	0	0	0	0	48	37	16	20	97	93	98	70	19	34	93	89	2	14	40	63	20	65	45	7	94	3	29	84	83	78	7	80	56	51	96	48	100	95	29	28	48	53	24	100	20	95	66	26	96	3	30	71	9	77	52	82	60	39	24	88	89	4	65	55	26	54	4	20	75	6	45	83	82	19	70	19	83	95	87	35	70	6	25	45	98	97	19	49	94	70	94	35	3	7	14	70	81	17	90	65	15	76	49	64	65	24	3	70	37	99	88	95	11
0	0	0	0	0	0	0	0	0	0	0	0	0	0	0	0	0	0	0	0	0	0	0	0	0	0	0	0	0	0	0	0	0	0	0	0	0	0	0	0	0	0	0	0	0	0	0	0	0	0	0	0	0	0	0	0	0	0	0	0	0	0	0	0	0	0	0	0	0	0	0	0	0	0	0	0	0	0	0	0	0	0	0	0	0	0	0	0	0	0	0	0	22	99	61	30	18	55	41	44	52	68	96	14	68	96	60	37	39	86	93	77	68	87	16	51	83	36	31	50	62	100	19	47	3	59	43	23	58	29	58	7	48	100	72	90	54	89	94	82	13	41	9	32	62	29	10	80	2	9	12	26	35	29	73	14	39	19	70	11	71	7	71	14	3	70	80	99	13	83	38	4	95	67	57	26	91	93	2	58	14	93	82	21	60	86	56	29	36	35	92	87	92	51	68	9	65	33	70	72
0	0	0	0	0	0	0	0	0	0	0	0	0	0	0	0	0	0	0	0	0	0	0	0	0	0	0	0	0	0	0	0	0	0	0	0	0	0	0	0	0	0	0	0	0	0	0	0	0	0	0	0	0	0	0	0	0	0	0	0	0	0	0	0	0	0	0	0	0	0	0	0	0	0	0	0	0	0	0	0	0	0	0	0	0	0	0	0	0	0	0	0	0	17	11	40	32	72	79	65	81	25	57	69	87	50	72	17	54	57	63	81	7	27	4	51	66	9	60	53	16	49	50	55	15	82	58	39	93	17	86	93	62	22	68	75	78	55	35	25	74	92	76	94	80	43	2	13	6	42	33	32	44	76	48	7	54	100	42	75	12	46	7	13	73	97	37	26	51	33	62	46	93	14	37	99	73	13	32	100	97	68	40	54	84	69	80	54	85	32	85	4	15	82	99	97	26	6	6	77
0	0	0	0	0	0	0	0	0	0	0	0	0	0	0	0	0	0	0	0	0	0	0	0	0	0	0	0	0	0	0	0	0	0	0	0	0	0	0	0	0	0	0	0	0	0	0	0	0	0	0	0	0	0	0	0	0	0	0	0	0	0	0	0	0	0	0	0	0	0	0	0	0	0	0	0	0	0	0	0	0	0	0	0	0	0	0	0	0	0	0	0	0	0	51	35	64	36	67	36	6	91	29	17	46	41	56	17	44	5	56	45	10	56	22	69	62	7	60	94	62	36	88	21	70	41	1	82	14	59	35	13	11	30	80	22	82	20	43	79	84	84	81	16	40	76	63	63	32	16	43	58	51	16	52	50	92	68	81	18	31	74	67	29	53	4	70	21	1	33	73	1	14	48	6	74	69	44	82	10	93	86	22	53	54	27	82	9	62	29	83	14	67	99	65	100	86	35	48	10
0	0	0	0	0	0	0	0	0	0	0	0	0	0	0	0	0	0	0	0	0	0	0	0	0	0	0	0	0	0	0	0	0	0	0	0	0	0	0	0	0	0	0	0	0	0	0	0	0	0	0	0	0	0	0	0	0	0	0	0	0	0	0	0	0	0	0	0	0	0	0	0	0	0	0	0	0	0	0	0	0	0	0	0	0	0	0	0	0	0	0	0	0	0	0	93	4	76	71	57	88	15	34	43	94	96	14	76	81	67	92	56	83	30	79	55	13	52	51	84	68	25	42	75	68	73	12	58	61	62	33	61	8	80	89	30	4	32	55	76	42	77	31	96	14	44	19	35	39	39	81	79	63	53	95	20	69	61	32	83	64	72	31	58	1	10	82	7	24	37	73	39	40	24	9	4	73	71	72	46	60	57	91	23	34	35	36	81	49	20	29	33	92	17	54	44	82	28	66	94
0	0	0	0	0	0	0	0	0	0	0	0	0	0	0	0	0	0	0	0	0	0	0	0	0	0	0	0	0	0	0	0	0	0	0	0	0	0	0	0	0	0	0	0	0	0	0	0	0	0	0	0	0	0	0	0	0	0	0	0	0	0	0	0	0	0	0	0	0	0	0	0	0	0	0	0	0	0	0	0	0	0	0	0	0	0	0	0	0	0	0	0	0	0	0	0	75	74	73	56	7	17	7	9	36	76	73	12	55	84	50	29	62	61	12	47	89	11	5	80	39	47	80	62	52	98	81	14	13	88	90	91	40	35	69	53	27	91	87	17	52	82	30	32	43	25	62	56	96	97	2	6	15	16	55	82	74	45	95	56	62	71	68	39	87	38	62	40	10	32	67	49	44	2	82	58	1	51	48	41	14	87	92	6	58	81	2	7	88	7	55	3	38	74	11	98	62	99	51	69
0	0	0	0	0	0	0	0	0	0	0	0	0	0	0	0	0	0	0	0	0	0	0	0	0	0	0	0	0	0	0	0	0	0	0	0	0	0	0	0	0	0	0	0	0	0	0	0	0	0	0	0	0	0	0	0	0	0	0	0	0	0	0	0	0	0	0	0	0	0	0	0	0	0	0	0	0	0	0	0	0	0	0	0	0	0	0	0	0	0	0	0	0	0	0	0	0	69	6	34	68	30	13	39	3	24	49	90	39	72	91	52	78	42	54	5	21	87	39	10	67	73	71	39	51	51	1	31	85	75	18	22	46	95	9	5	48	28	17	42	80	14	39	46	46	64	47	100	8	19	38	11	94	59	80	73	2	70	16	20	43	10	88	61	15	78	48	79	41	45	4	42	22	78	58	30	19	60	19	20	21	58	90	39	17	52	90	63	63	30	100	83	32	73	56	58	59	79	70	34
0	0	0	0	0	0	0	0	0	0	0	0	0	0	0	0	0	0	0	0	0	0	0	0	0	0	0	0	0	0	0	0	0	0	0	0	0	0	0	0	0	0	0	0	0	0	0	0	0	0	0	0	0	0	0	0	0	0	0	0	0	0	0	0	0	0	0	0	0	0	0	0	0	0	0	0	0	0	0	0	0	0	0	0	0	0	0	0	0	0	0	0	0	0	0	0	0	0	93	86	26	84	83	35	53	71	9	6	51	3	10	7	73	54	31	43	73	59	98	11	58	43	43	95	42	65	2	91	77	57	72	41	87	34	73	70	55	46	7	54	7	11	60	19	34	15	69	34	76	72	39	34	40	82	13	33	9	19	80	17	79	46	99	84	18	51	86	21	76	86	57	88	35	95	91	84	22	83	6	47	85	70	26	42	53	41	81	24	26	46	37	46	67	23	70	25	52	99	40	91
0	0	0	0	0	0	0	0	0	0	0	0	0	0	0	0	0	0	0	0	0	0	0	0	0	0	0	0	0	0	0	0	0	0	0	0	0	0	0	0	0	0	0	0	0	0	0	0	0	0	0	0	0	0	0	0	0	0	0	0	0	0	0	0	0	0	0	0	0	0	0	0	0	0	0	0	0	0	0	0	0	0	0	0	0	0	0	0	0	0	0	0	0	0	0	0	0	0	0	76	25	52	87	58	39	99	53	51	42	4	15	6	65	31	72	38	92	68	70	25	32	73	77	14	68	20	26	25	38	17	17	80	64	4	37	54	43	84	71	68	43	83	75	12	49	34	7	89	6	69	28	10	87	93	54	66	98	33	92	25	41	7	74	63	70	56	53	9	31	3	45	81	31	96	77	66	59	39	99	25	27	21	94	28	53	87	90	89	21	3	3	44	26	97	59	1	21	65	70	84
0	0	0	0	0	0	0	0	0	0	0	0	0	0	0	0	0	0	0	0	0	0	0	0	0	0	0	0	0	0	0	0	0	0	0	0	0	0	0	0	0	0	0	0	0	0	0	0	0	0	0	0	0	0	0	0	0	0	0	0	0	0	0	0	0	0	0	0	0	0	0	0	0	0	0	0	0	0	0	0	0	0	0	0	0	0	0	0	0	0	0	0	0	0	0	0	0	0	0	0	4	58	24	27	38	62	66	54	86	55	33	82	1	68	20	20	1	16	52	71	93	39	47	97	87	78	47	62	86	66	73	94	8	26	3	25	3	78	70	42	73	52	52	61	66	73	37	42	44	5	49	22	93	32	56	33	35	84	50	79	72	76	94	93	25	8	66	23	63	12	40	3	14	23	37	45	95	68	31	70	72	96	16	44	14	3	94	68	22	94	9	11	72	6	74	31	86	18	30	89
0	0	0	0	0	0	0	0	0	0	0	0	0	0	0	0	0	0	0	0	0	0	0	0	0	0	0	0	0	0	0	0	0	0	0	0	0	0	0	0	0	0	0	0	0	0	0	0	0	0	0	0	0	0	0	0	0	0	0	0	0	0	0	0	0	0	0	0	0	0	0	0	0	0	0	0	0	0	0	0	0	0	0	0	0	0	0	0	0	0	0	0	0	0	0	0	0	0	0	0	0	86	87	30	13	16	68	35	30	87	50	37	64	55	90	94	76	95	59	40	58	100	44	79	34	10	29	55	65	35	61	22	80	91	59	15	7	36	32	94	20	79	15	98	35	23	52	45	70	1	50	84	50	50	57	65	77	70	4	18	95	69	82	79	71	91	10	86	19	28	65	63	72	51	78	79	48	14	20	68	51	72	16	4	61	82	31	30	19	79	4	42	44	62	3	72	63	70	53	9
0	0	0	0	0	0	0	0	0	0	0	0	0	0	0	0	0	0	0	0	0	0	0	0	0	0	0	0	0	0	0	0	0	0	0	0	0	0	0	0	0	0	0	0	0	0	0	0	0	0	0	0	0	0	0	0	0	0	0	0	0	0	0	0	0	0	0	0	0	0	0	0	0	0	0	0	0	0	0	0	0	0	0	0	0	0	0	0	0	0	0	0	0	0	0	0	0	0	0	0	0	0	27	50	40	21	45	91	64	85	51	95	24	4	94	23	98	22	47	26	65	70	56	25	1	97	26	24	50	45	70	3	50	38	32	1	98	41	43	14	96	70	16	98	30	48	39	27	71	84	40	97	39	10	16	22	94	78	91	41	49	95	38	99	33	2	29	48	89	74	3	92	74	15	71	88	44	65	35	80	60	55	84	79	9	97	96	68	59	96	80	7	74	45	46	18	49	1	92	2
0	0	0	0	0	0	0	0	0	0	0	0	0	0	0	0	0	0	0	0	0	0	0	0	0	0	0	0	0	0	0	0	0	0	0	0	0	0	0	0	0	0	0	0	0	0	0	0	0	0	0	0	0	0	0	0	0	0	0	0	0	0	0	0	0	0	0	0	0	0	0	0	0	0	0	0	0	0	0	0	0	0	0	0	0	0	0	0	0	0	0	0	0	0	0	0	0	0	0	0	0	0	0	39	24	36	87	56	4	7	91	48	69	49	10	73	15	86	96	35	92	31	91	97	97	44	77	100	24	7	3	7	8	71	20	34	44	54	77	56	45	89	53	96	75	21	16	53	48	7	60	81	46	69	49	84	55	13	12	22	91	7	55	34	53	63	11	56	61	61	70	22	94	21	69	3	28	39	58	20	94	35	92	95	71	7	12	23	3	53	62	82	50	32	13	3	48	60	24	47
0	0	0	0	0	0	0	0	0	0	0	0	0	0	0	0	0	0	0	0	0	0	0	0	0	0	0	0	0	0	0	0	0	0	0	0	0	0	0	0	0	0	0	0	0	0	0	0	0	0	0	0	0	0	0	0	0	0	0	0	0	0	0	0	0	0	0	0	0	0	0	0	0	0	0	0	0	0	0	0	0	0	0	0	0	0	0	0	0	0	0	0	0	0	0	0	0	0	0	0	0	0	0	0	88	70	28	19	63	62	18	60	91	80	62	67	37	34	66	61	44	72	92	14	54	57	69	91	82	50	79	58	51	89	73	73	100	92	93	86	79	42	51	29	37	11	78	46	61	35	96	79	25	36	71	14	82	73	67	80	98	95	34	65	13	20	68	16	5	87	33	4	84	19	61	49	9	32	19	8	94	39	89	33	32	15	7	67	12	24	62	87	67	61	81	67	17	23	8	26
0	0	0	0	0	0	0	0	0	0	0	0	0	0	0	0	0	0	0	0	0	0	0	0	0	0	0	0	0	0	0	0	0	0	0	0	0	0	0	0	0	0	0	0	0	0	0	0	0	0	0	0	0	0	0	0	0	0	0	0	0	0	0	0	0	0	0	0	0	0	0	0	0	0	0	0	0	0	0	0	0	0	0	0	0	0	0	0	0	0	0	0	0	0	0	0	0	0	0	0	0	0	0	0	0	40	16	18	92	80	50	5	16	91	23	44	46	99	79	25	67	47	58	4	68	24	64	89	67	16	51	98	38	65	75	49	26	84	70	82	59	77	55	92	77	28	9	14	83	94	28	72	54	30	4	12	6	93	63	12	4	53	93	78	26	23	8	32	99	70	65	5	33	73	29	69	66	15	53	5	48	81	33	67	76	40	93	65	92	69	6	60	86	19	100	44	84	53	41	67
0	0	0	0	0	0	0	0	0	0	0	0	0	0	0	0	0	0	0	0	0	0	0	0	0	0	0	0	0	0	0	0	0	0	0	0	0	0	0	0	0	0	0	0	0	0	0	0	0	0	0	0	0	0	0	0	0	0	0	0	0	0	0	0	0	0	0	0	0	0	0	0	0	0	0	0	0	0	0	0	0	0	0	0	0	0	0	0	0	0	0	0	0	0	0	0	0	0	0	0	0	0	0	0	0	0	27	57	29	53	45	33	62	15	78	48	31	80	24	65	32	92	98	5	53	79	59	75	37	23	80	97	91	22	64	37	83	56	53	98	83	99	95	73	48	77	89	40	88	80	68	94	51	57	60	62	21	28	46	54	87	23	72	60	86	65	89	12	34	94	45	72	22	34	80	73	3	40	87	19	3	20	51	76	79	77	91	62	44	77	10	32	53	26	61	83	26	20	12	98
0	0	0	0	0	0	0	0	0	0	0	0	0	0	0	0	0	0	0	0	0	0	0	0	0	0	0	0	0	0	0	0	0	0	0	0	0	0	0	0	0	0	0	0	0	0	0	0	0	0	0	0	0	0	0	0	0	0	0	0	0	0	0	0	0	0	0	0	0	0	0	0	0	0	0	0	0	0	0	0	0	0	0	0	0	0	0	0	0	0	0	0	0	0	0	0	0	0	0	0	0	0	0	0	0	0	0	90	77	35	55	34	8	80	93	89	13	76	31	68	10	90	71	83	68	57	49	79	89	27	27	87	18	63	39	34	1	12	47	83	93	74	20	39	86	26	33	17	53	44	11	3	64	17	59	50	74	87	40	60	94	48	80	65	2	22	42	14	13	25	43	56	94	88	6	98	68	27	40	14	70	11	44	41	46	15	84	55	19	70	43	21	93	21	75	39	31	30	55	62
0	0	0	0	0	0	0	0	0	0	0	0	0	0	0	0	0	0	0	0	0	0	0	0	0	0	0	0	0	0	0	0	0	0	0	0	0	0	0	0	0	0	0	0	0	0	0	0	0	0	0	0	0	0	0	0	0	0	0	0	0	0	0	0	0	0	0	0	0	0	0	0	0	0	0	0	0	0	0	0	0	0	0	0	0	0	0	0	0	0	0	0	0	0	0	0	0	0	0	0	0	0	0	0	0	0	0	0	63	61	94	14	76	64	33	34	37	14	52	9	62	45	24	5	14	40	26	75	88	28	16	69	6	67	89	84	71	3	15	79	32	57	95	73	84	82	30	47	6	4	48	18	64	38	19	91	25	53	44	62	87	75	77	41	8	89	15	85	4	74	97	16	100	68	100	49	9	38	44	30	74	84	79	40	52	22	55	8	70	82	56	76	74	45	86	40	20	65	92	98
0	0	0	0	0	0	0	0	0	0	0	0	0	0	0	0	0	0	0	0	0	0	0	0	0	0	0	0	0	0	0	0	0	0	0	0	0	0	0	0	0	0	0	0	0	0	0	0	0	0	0	0	0	0	0	0	0	0	0	0	0	0	0	0	0	0	0	0	0	0	0	0	0	0	0	0	0	0	0	0	0	0	0	0	0	0	0	0	0	0	0	0	0	0	0	0	0	0	0	0	0	0	0	0	0	0	0	0	0	64	17	30	77	2	95	15	2	87	48	100	22	23	59	58	5	67	85	67	15	31	50	28	64	84	44	90	58	81	76	35	19	5	77	56	90	3	93	98	3	22	96	1	71	50	12	85	51	39	24	76	20	57	53	6	19	1	90	45	39	72	4	80	64	2	2	46	96	59	68	23	77	10	82	44	30	74	92	73	83	10	5	84	71	44	64	8	9	2	65	84
0	0	0	0	0	0	0	0	0	0	0	0	0	0	0	0	0	0	0	0	0	0	0	0	0	0	0	0	0	0	0	0	0	0	0	0	0	0	0	0	0	0	0	0	0	0	0	0	0	0	0	0	0	0	0	0	0	0	0	0	0	0	0	0	0	0	0	0	0	0	0	0	0	0	0	0	0	0	0	0	0	0	0	0	0	0	0	0	0	0	0	0	0	0	0	0	0	0	0	0	0	0	0	0	0	0	0	0	0	0	64	77	17	74	16	27	80	1	42	93	68	7	4	47	27	48	17	21	63	56	100	54	61	15	13	71	67	59	98	73	12	82	36	44	78	91	92	41	4	64	9	42	50	62	44	86	9	53	50	40	72	63	60	85	32	24	85	71	5	39	53	64	86	56	83	24	88	37	100	70	60	64	39	46	81	92	80	65	61	72	9	14	31	65	37	30	15	67	87	31
0	0	0	0	0	0	0	0	0	0	0	0	0	0	0	0	0	0	0	0	0	0	0	0	0	0	0	0	0	0	0	0	0	0	0	0	0	0	0	0	0	0	0	0	0	0	0	0	0	0	0	0	0	0	0	0	0	0	0	0	0	0	0	0	0	0	0	0	0	0	0	0	0	0	0	0	0	0	0	0	0	0	0	0	0	0	0	0	0	0	0	0	0	0	0	0	0	0	0	0	0	0	0	0	0	0	0	0	0	0	0	67	60	12	9	61	53	13	82	62	70	28	68	65	36	38	36	94	13	85	50	11	52	4	28	81	40	8	18	44	77	76	36	84	74	57	86	80	89	39	65	77	84	95	66	20	92	93	69	49	37	99	52	23	66	41	90	94	99	5	55	20	5	95	98	5	45	57	98	6	81	100	46	52	84	6	40	63	53	93	77	17	72	78	83	66	97	83	12	73
0	0	0	0	0	0	0	0	0	0	0	0	0	0	0	0	0	0	0	0	0	0	0	0	0	0	0	0	0	0	0	0	0	0	0	0	0	0	0	0	0	0	0	0	0	0	0	0	0	0	0	0	0	0	0	0	0	0	0	0	0	0	0	0	0	0	0	0	0	0	0	0	0	0	0	0	0	0	0	0	0	0	0	0	0	0	0	0	0	0	0	0	0	0	0	0	0	0	0	0	0	0	0	0	0	0	0	0	0	0	0	0	45	43	51	44	15	80	25	93	72	39	69	97	56	52	85	12	86	69	90	95	54	40	35	63	73	70	11	70	85	3	93	2	52	88	84	82	56	35	12	1	49	97	52	96	15	64	5	80	10	44	76	41	32	5	76	2	30	46	1	92	19	48	13	26	46	14	84	44	59	5	48	21	43	85	21	7	85	23	91	1	40	18	11	35	18	49	44	98
0	0	0	0	0	0	0	0	0	0	0	0	0	0	0	0	0	0	0	0	0	0	0	0	0	0	0	0	0	0	0	0	0	0	0	0	0	0	0	0	0	0	0	0	0	0	0	0	0	0	0	0	0	0	0	0	0	0	0	0	0	0	0	0	0	0	0	0	0	0	0	0	0	0	0	0	0	0	0	0	0	0	0	0	0	0	0	0	0	0	0	0	0	0	0	0	0	0	0	0	0	0	0	0	0	0	0	0	0	0	0	0	0	33	67	44	93	90	30	26	25	29	94	22	36	97	5	24	87	61	76	82	50	62	57	99	34	32	89	49	63	24	81	58	56	100	97	75	75	43	33	66	82	47	96	42	80	41	91	65	98	24	78	74	33	43	50	1	96	89	19	24	63	87	14	27	32	9	12	44	47	85	57	46	10	65	71	53	6	96	8	11	100	100	3	33	60	51	39	68
0	0	0	0	0	0	0	0	0	0	0	0	0	0	0	0	0	0	0	0	0	0	0	0	0	0	0	0	0	0	0	0	0	0	0	0	0	0	0	0	0	0	0	0	0	0	0	0	0	0	0	0	0	0	0	0	0	0	0	0	0	0	0	0	0	0	0	0	0	0	0	0	0	0	0	0	0	0	0	0	0	0	0	0	0	0	0	0	0	0	0	0	0	0	0	0	0	0	0	0	0	0	0	0	0	0	0	0	0	0	0	0	0	0	11	89	33	43	69	86	87	51	97	53	51	6	86	4	15	29	80	63	60	89	16	36	66	21	57	58	42	95	11	15	51	8	6	66	54	30	40	98	53	85	28	64	11	18	78	77	62	96	97	97	23	52	17	92	39	88	90	60	52	24	50	10	58	87	33	58	28	5	63	2	55	46	32	26	92	14	69	47	47	15	8	3	4	61	76	17
0	0	0	0	0	0	0	0	0	0	0	0	0	0	0	0	0	0	0	0	0	0	0	0	0	0	0	0	0	0	0	0	0	0	0	0	0	0	0	0	0	0	0	0	0	0	0	0	0	0	0	0	0	0	0	0	0	0	0	0	0	0	0	0	0	0	0	0	0	0	0	0	0	0	0	0	0	0	0	0	0	0	0	0	0	0	0	0	0	0	0	0	0	0	0	0	0	0	0	0	0	0	0	0	0	0	0	0	0	0	0	0	0	0	0	99	52	91	35	93	65	5	24	45	99	73	47	81	40	56	34	25	21	26	83	70	35	69	95	32	25	66	76	47	91	43	54	20	96	3	50	21	20	92	94	83	72	54	74	74	4	34	35	43	24	14	83	33	30	96	68	95	27	22	74	79	65	93	8	28	37	87	95	99	19	39	87	4	84	75	55	83	80	12	48	33	100	3	58	48
0	0	0	0	0	0	0	0	0	0	0	0	0	0	0	0	0	0	0	0	0	0	0	0	0	0	0	0	0	0	0	0	0	0	0	0	0	0	0	0	0	0	0	0	0	0	0	0	0	0	0	0	0	0	0	0	0	0	0	0	0	0	0	0	0	0	0	0	0	0	0	0	0	0	0	0	0	0	0	0	0	0	0	0	0	0	0	0	0	0	0	0	0	0	0	0	0	0	0	0	0	0	0	0	0	0	0	0	0	0	0	0	0	0	0	0	70	53	71	32	13	65	40	70	24	93	89	51	39	54	61	100	45	58	84	12	93	89	38	24	88	68	22	36	84	49	43	32	71	39	86	9	74	19	37	54	81	93	4	79	29	65	15	68	2	85	92	60	43	23	99	68	20	41	48	43	54	93	96	5	93	24	36	8	47	91	14	7	21	76	78	74	88	79	91	55	14	100	4	39
0	0	0	0	0	0	0	0	0	0	0	0	0	0	0	0	0	0	0	0	0	0	0	0	0	0	0	0	0	0	0	0	0	0	0	0	0	0	0	0	0	0	0	0	0	0	0	0	0	0	0	0	0	0	0	0	0	0	0	0	0	0	0	0	0	0	0	0	0	0	0	0	0	0	0	0	0	0	0	0	0	0	0	0	0	0	0	0	0	0	0	0	0	0	0	0	0	0	0	0	0	0	0	0	0	0	0	0	0	0	0	0	0	0	0	0	0	44	34	62	84	24	55	54	59	39	30	27	95	52	27	10	28	28	77	32	67	91	34	58	83	40	33	11	81	34	20	98	25	86	33	55	36	4	2	49	2	18	65	53	33	33	75	26	65	28	34	13	96	14	71	53	6	8	50	32	81	92	75	33	82	33	97	97	44	32	21	100	10	81	18	55	57	39	54	80	68	4	66	62
0	0	0	0	0	0	0	0	0	0	0	0	0	0	0	0	0	0	0	0	0	0	0	0	0	0	0	0	0	0	0	0	0	0	0	0	0	0	0	0	0	0	0	0	0	0	0	0	0	0	0	0	0	0	0	0	0	0	0	0	0	0	0	0	0	0	0	0	0	0	0	0	0	0	0	0	0	0	0	0	0	0	0	0	0	0	0	0	0	0	0	0	0	0	0	0	0	0	0	0	0	0	0	0	0	0	0	0	0	0	0	0	0	0	0	0	0	0	63	56	63	22	64	89	7	63	92	30	98	30	83	66	57	18	11	13	46	80	23	69	76	3	73	37	99	51	56	75	40	55	60	81	9	69	24	83	91	18	54	91	61	100	23	45	22	64	10	2	4	96	7	93	96	6	10	33	74	19	17	11	100	44	75	15	75	11	74	73	79	38	7	59	69	4	27	14	71	24	82	3
0	0	0	0	0	0	0	0	0	0	0	0	0	0	0	0	0	0	0	0	0	0	0	0	0	0	0	0	0	0	0	0	0	0	0	0	0	0	0	0	0	0	0	0	0	0	0	0	0	0	0	0	0	0	0	0	0	0	0	0	0	0	0	0	0	0	0	0	0	0	0	0	0	0	0	0	0	0	0	0	0	0	0	0	0	0	0	0	0	0	0	0	0	0	0	0	0	0	0	0	0	0	0	0	0	0	0	0	0	0	0	0	0	0	0	0	0	0	0	27	69	36	23	17	96	19	54	87	77	80	58	28	93	63	100	80	91	62	4	70	91	7	2	96	20	13	88	45	3	52	96	19	9	85	44	84	61	66	97	58	100	40	92	25	69	73	38	100	70	13	76	25	44	41	28	84	43	79	40	92	63	3	1	32	59	98	55	40	12	13	36	54	20	45	14	73	62	69	99	32
0	0	0	0	0	0	0	0	0	0	0	0	0	0	0	0	0	0	0	0	0	0	0	0	0	0	0	0	0	0	0	0	0	0	0	0	0	0	0	0	0	0	0	0	0	0	0	0	0	0	0	0	0	0	0	0	0	0	0	0	0	0	0	0	0	0	0	0	0	0	0	0	0	0	0	0	0	0	0	0	0	0	0	0	0	0	0	0	0	0	0	0	0	0	0	0	0	0	0	0	0	0	0	0	0	0	0	0	0	0	0	0	0	0	0	0	0	0	0	0	3	86	88	92	71	6	74	79	70	36	82	11	17	17	35	50	48	68	73	61	83	1	69	33	10	99	52	100	22	43	2	82	58	45	17	42	27	30	63	86	36	9	81	78	77	20	76	30	31	74	30	37	85	78	86	18	6	47	18	13	71	55	11	39	16	15	83	51	99	12	10	70	42	41	38	86	11	50	98	2
0	0	0	0	0	0	0	0	0	0	0	0	0	0	0	0	0	0	0	0	0	0	0	0	0	0	0	0	0	0	0	0	0	0	0	0	0	0	0	0	0	0	0	0	0	0	0	0	0	0	0	0	0	0	0	0	0	0	0	0	0	0	0	0	0	0	0	0	0	0	0	0	0	0	0	0	0	0	0	0	0	0	0	0	0	0	0	0	0	0	0	0	0	0	0	0	0	0	0	0	0	0	0	0	0	0	0	0	0	0	0	0	0	0	0	0	0	0	0	0	0	97	52	13	10	21	55	9	13	3	32	31	9	23	92	70	95	48	27	49	76	45	66	77	93	23	64	76	27	11	35	52	75	96	63	31	88	32	29	33	3	37	58	76	92	87	99	32	54	51	61	8	77	83	22	31	29	47	26	16	52	60	29	66	5	55	41	96	8	79	36	46	2	84	49	96	65	24	48	92
0	0	0	0	0	0	0	0	0	0	0	0	0	0	0	0	0	0	0	0	0	0	0	0	0	0	0	0	0	0	0	0	0	0	0	0	0	0	0	0	0	0	0	0	0	0	0	0	0	0	0	0	0	0	0	0	0	0	0	0	0	0	0	0	0	0	0	0	0	0	0	0	0	0	0	0	0	0	0	0	0	0	0	0	0	0	0	0	0	0	0	0	0	0	0	0	0	0	0	0	0	0	0	0	0	0	0	0	0	0	0	0	0	0	0	0	0	0	0	0	0	0	96	32	61	63	97	94	77	65	61	75	24	98	10	72	14	96	24	83	49	80	13	60	48	9	35	17	66	8	88	48	71	1	86	71	32	39	93	10	7	49	40	98	53	86	8	13	67	94	57	47	56	50	48	36	61	40	10	44	44	52	98	16	67	53	70	85	1	76	92	59	39	61	88	21	5	95	75	13
0	0	0	0	0	0	0	0	0	0	0	0	0	0	0	0	0	0	0	0	0	0	0	0	0	0	0	0	0	0	0	0	0	0	0	0	0	0	0	0	0	0	0	0	0	0	0	0	0	0	0	0	0	0	0	0	0	0	0	0	0	0	0	0	0	0	0	0	0	0	0	0	0	0	0	0	0	0	0	0	0	0	0	0	0	0	0	0	0	0	0	0	0	0	0	0	0	0	0	0	0	0	0	0	0	0	0	0	0	0	0	0	0	0	0	0	0	0	0	0	0	0	0	32	25	74	20	19	78	48	63	94	93	75	67	7	28	2	67	46	87	73	93	92	22	83	73	31	44	16	78	48	57	22	46	17	47	36	41	3	82	14	49	69	59	78	57	4	99	89	55	86	60	95	12	74	4	65	16	85	93	67	76	87	2	69	13	89	6	100	26	36	12	74	6	24	74	43	55	70
0	0	0	0	0	0	0	0	0	0	0	0	0	0	0	0	0	0	0	0	0	0	0	0	0	0	0	0	0	0	0	0	0	0	0	0	0	0	0	0	0	0	0	0	0	0	0	0	0	0	0	0	0	0	0	0	0	0	0	0	0	0	0	0	0	0	0	0	0	0	0	0	0	0	0	0	0	0	0	0	0	0	0	0	0	0	0	0	0	0	0	0	0	0	0	0	0	0	0	0	0	0	0	0	0	0	0	0	0	0	0	0	0	0	0	0	0	0	0	0	0	0	0	0	94	47	31	67	46	45	45	45	87	39	8	10	18	3	13	53	8	18	82	49	29	76	20	4	52	19	45	43	62	67	47	97	16	71	2	99	54	77	41	56	70	56	49	41	75	51	65	94	60	75	85	97	88	61	90	61	67	54	48	24	63	68	36	97	66	57	66	84	25	17	99	76	74	97	42	12
0	0	0	0	0	0	0	0	0	0	0	0	0	0	0	0	0	0	0	0	0	0	0	0	0	0	0	0	0	0	0	0	0	0	0	0	0	0	0	0	0	0	0	0	0	0	0	0	0	0	0	0	0	0	0	0	0	0	0	0	0	0	0	0	0	0	0	0	0	0	0	0	0	0	0	0	0	0	0	0	0	0	0	0	0	0	0	0	0	0	0	0	0	0	0	0	0	0	0	0	0	0	0	0	0	0	0	0	0	0	0	0	0	0	0	0	0	0	0	0	0	0	0	0	0	2	19	48	91	97	100	78	85	52	60	33	86	85	98	42	65	58	59	19	67	4	99	61	56	26	87	67	31	11	73	81	97	89	27	23	47	48	38	41	13	31	75	24	23	2	51	46	43	77	41	71	86	85	14	25	45	1	25	53	88	89	57	8	85	78	66	6	34	21	64	66	96	43	4	99
0	0	0	0	0	0	0	0	0	0	0	0	0	0	0	0	0	0	0	0	0	0	0	0	0	0	0	0	0	0	0	0	0	0	0	0	0	0	0	0	0	0	0	0	0	0	0	0	0	0	0	0	0	0	0	0	0	0	0	0	0	0	0	0	0	0	0	0	0	0	0	0	0	0	0	0	0	0	0	0	0	0	0	0	0	0	0	0	0	0	0	0	0	0	0	0	0	0	0	0	0	0	0	0	0	0	0	0	0	0	0	0	0	0	0	0	0	0	0	0	0	0	0	0	0	0	37	57	83	25	34	58	28	81	38	86	24	48	7	10	57	95	87	59	28	20	40	91	22	88	12	23	87	61	47	62	41	15	19	47	99	12	70	32	90	84	44	51	73	19	52	14	97	42	84	97	95	70	37	19	50	89	22	39	51	57	66	26	44	75	77	92	21	37	10	59	5	65	31	27
0	0	0	0	0	0	0	0	0	0	0	0	0	0	0	0	0	0	0	0	0	0	0	0	0	0	0	0	0	0	0	0	0	0	0	0	0	0	0	0	0	0	0	0	0	0	0	0	0	0	0	0	0	0	0	0	0	0	0	0	0	0	0	0	0	0	0	0	0	0	0	0	0	0	0	0	0	0	0	0	0	0	0	0	0	0	0	0	0	0	0	0	0	0	0	0	0	0	0	0	0	0	0	0	0	0	0	0	0	0	0	0	0	0	0	0	0	0	0	0	0	0	0	0	0	0	0	84	66	14	11	11	4	44	21	46	20	90	74	98	22	39	85	95	84	37	34	44	24	83	95	73	33	76	3	15	54	15	75	66	85	86	67	17	96	38	97	12	55	37	77	82	10	83	69	71	76	7	23	84	33	34	17	71	84	14	81	74	22	4	15	6	32	84	36	30	55	87	82	74
0	0	0	0	0	0	0	0	0	0	0	0	0	0	0	0	0	0	0	0	0	0	0	0	0	0	0	0	0	0	0	0	0	0	0	0	0	0	0	0	0	0	0	0	0	0	0	0	0	0	0	0	0	0	0	0	0	0	0	0	0	0	0	0	0	0	0	0	0	0	0	0	0	0	0	0	0	0	0	0	0	0	0	0	0	0	0	0	0	0	0	0	0	0	0	0	0	0	0	0	0	0	0	0	0	0	0	0	0	0	0	0	0	0	0	0	0	0	0	0	0	0	0	0	0	0	0	0	87	47	2	18	37	35	90	8	18	57	43	50	82	33	78	93	10	69	35	76	94	75	90	57	34	88	44	61	20	77	99	15	60	15	43	2	64	26	80	94	26	3	95	13	52	88	37	90	95	32	11	75	60	35	93	19	29	1	43	48	100	54	65	71	17	71	98	35	46	64	89	96
0	0	0	0	0	0	0	0	0	0	0	0	0	0	0	0	0	0	0	0	0	0	0	0	0	0	0	0	0	0	0	0	0	0	0	0	0	0	0	0	0	0	0	0	0	0	0	0	0	0	0	0	0	0	0	0	0	0	0	0	0	0	0	0	0	0	0	0	0	0	0	0	0	0	0	0	0	0	0	0	0	0	0	0	0	0	0	0	0	0	0	0	0	0	0	0	0	0	0	0	0	0	0	0	0	0	0	0	0	0	0	0	0	0	0	0	0	0	0	0	0	0	0	0	0	0	0	0	0	97	37	76	32	86	68	83	28	98	13	40	53	36	76	72	63	4	96	87	98	86	45	76	43	60	45	33	67	40	45	10	51	49	7	25	21	85	31	71	11	5	6	18	12	77	39	74	85	26	29	41	7	90	7	11	39	47	94	43	23	53	6	14	98	50	92	50	3	68	72	58
0	0	0	0	0	0	0	0	0	0	0	0	0	0	0	0	0	0	0	0	0	0	0	0	0	0	0	0	0	0	0	0	0	0	0	0	0	0	0	0	0	0	0	0	0	0	0	0	0	0	0	0	0	0	0	0	0	0	0	0	0	0	0	0	0	0	0	0	0	0	0	0	0	0	0	0	0	0	0	0	0	0	0	0	0	0	0	0	0	0	0	0	0	0	0	0	0	0	0	0	0	0	0	0	0	0	0	0	0	0	0	0	0	0	0	0	0	0	0	0	0	0	0	0	0	0	0	0	0	0	64	22	64	17	22	63	63	24	86	80	20	82	42	77	59	3	78	32	22	57	47	25	42	95	86	70	97	31	46	59	76	44	15	47	2	85	90	63	32	58	89	35	80	17	65	22	89	56	85	49	69	1	39	29	85	46	2	8	54	24	98	99	45	97	43	94	54	35	32	76
0	0	0	0	0	0	0	0	0	0	0	0	0	0	0	0	0	0	0	0	0	0	0	0	0	0	0	0	0	0	0	0	0	0	0	0	0	0	0	0	0	0	0	0	0	0	0	0	0	0	0	0	0	0	0	0	0	0	0	0	0	0	0	0	0	0	0	0	0	0	0	0	0	0	0	0	0	0	0	0	0	0	0	0	0	0	0	0	0	0	0	0	0	0	0	0	0	0	0	0	0	0	0	0	0	0	0	0	0	0	0	0	0	0	0	0	0	0	0	0	0	0	0	0	0	0	0	0	0	0	0	38	27	63	65	43	65	35	61	89	93	91	100	6	21	91	25	43	99	43	76	51	74	70	71	90	96	8	96	74	37	87	58	62	48	36	59	87	68	84	79	19	43	77	3	74	39	88	35	97	25	12	89	99	32	96	8	35	18	99	49	59	33	1	62	19	53	79	37	17
0	0	0	0	0	0	0	0	0	0	0	0	0	0	0	0	0	0	0	0	0	0	0	0	0	0	0	0	0	0	0	0	0	0	0	0	0	0	0	0	0	0	0	0	0	0	0	0	0	0	0	0	0	0	0	0	0	0	0	0	0	0	0	0	0	0	0	0	0	0	0	0	0	0	0	0	0	0	0	0	0	0	0	0	0	0	0	0	0	0	0	0	0	0	0	0	0	0	0	0	0	0	0	0	0	0	0	0	0	0	0	0	0	0	0	0	0	0	0	0	0	0	0	0	0	0	0	0	0	0	0	0	30	68	68	100	66	23	71	93	89	44	97	2	73	42	1	36	49	31	21	92	58	92	45	65	50	25	39	53	57	73	35	88	1	67	43	84	69	39	76	19	74	4	71	11	91	52	70	32	55	79	99	94	77	22	92	4	8	79	74	20	77	73	81	46	15	85	20	49
0	0	0	0	0	0	0	0	0	0	0	0	0	0	0	0	0	0	0	0	0	0	0	0	0	0	0	0	0	0	0	0	0	0	0	0	0	0	0	0	0	0	0	0	0	0	0	0	0	0	0	0	0	0	0	0	0	0	0	0	0	0	0	0	0	0	0	0	0	0	0	0	0	0	0	0	0	0	0	0	0	0	0	0	0	0	0	0	0	0	0	0	0	0	0	0	0	0	0	0	0	0	0	0	0	0	0	0	0	0	0	0	0	0	0	0	0	0	0	0	0	0	0	0	0	0	0	0	0	0	0	0	0	49	20	14	19	6	89	60	42	62	35	9	51	17	100	73	52	79	10	78	95	55	23	94	69	52	8	98	37	26	2	55	37	25	28	76	83	22	93	64	73	67	71	10	47	84	14	31	27	35	67	59	3	12	9	24	27	24	33	84	6	80	98	93	51	75	79	20
0	0	0	0	0	0	0	0	0	0	0	0	0	0	0	0	0	0	0	0	0	0	0	0	0	0	0	0	0	0	0	0	0	0	0	0	0	0	0	0	0	0	0	0	0	0	0	0	0	0	0	0	0	0	0	0	0	0	0	0	0	0	0	0	0	0	0	0	0	0	0	0	0	0	0	0	0	0	0	0	0	0	0	0	0	0	0	0	0	0	0	0	0	0	0	0	0	0	0	0	0	0	0	0	0	0	0	0	0	0	0	0	0	0	0	0	0	0	0	0	0	0	0	0	0	0	0	0	0	0	0	0	0	0	13	76	38	88	79	41	67	65	95	70	17	18	61	26	82	7	84	73	25	91	22	75	61	1	61	96	97	66	39	73	90	93	50	14	30	11	89	30	47	46	98	69	1	37	80	72	2	81	2	48	71	43	15	13	95	39	9	22	95	77	58	7	5	50	77	15
0	0	0	0	0	0	0	0	0	0	0	0	0	0	0	0	0	0	0	0	0	0	0	0	0	0	0	0	0	0	0	0	0	0	0	0	0	0	0	0	0	0	0	0	0	0	0	0	0	0	0	0	0	0	0	0	0	0	0	0	0	0	0	0	0	0	0	0	0	0	0	0	0	0	0	0	0	0	0	0	0	0	0	0	0	0	0	0	0	0	0	0	0	0	0	0	0	0	0	0	0	0	0	0	0	0	0	0	0	0	0	0	0	0	0	0	0	0	0	0	0	0	0	0	0	0	0	0	0	0	0	0	0	0	0	3	42	2	91	44	97	25	39	91	8	63	49	44	35	12	92	39	13	61	71	56	52	36	74	88	62	70	46	35	29	60	27	87	71	2	23	42	82	67	98	25	12	67	88	91	79	28	9	65	96	92	13	91	57	32	29	89	1	50	18	40	28	57	10	60
0	0	0	0	0	0	0	0	0	0	0	0	0	0	0	0	0	0	0	0	0	0	0	0	0	0	0	0	0	0	0	0	0	0	0	0	0	0	0	0	0	0	0	0	0	0	0	0	0	0	0	0	0	0	0	0	0	0	0	0	0	0	0	0	0	0	0	0	0	0	0	0	0	0	0	0	0	0	0	0	0	0	0	0	0	0	0	0	0	0	0	0	0	0	0	0	0	0	0	0	0	0	0	0	0	0	0	0	0	0	0	0	0	0	0	0	0	0	0	0	0	0	0	0	0	0	0	0	0	0	0	0	0	0	0	0	57	5	8	80	81	10	33	12	96	91	37	88	10	76	27	89	69	17	83	89	62	30	94	96	91	43	15	10	72	29	76	8	2	40	83	66	13	68	40	24	57	71	54	2	53	65	83	31	74	46	24	77	4	22	56	54	32	31	84	46	5	56	89	41
0	0	0	0	0	0	0	0	0	0	0	0	0	0	0	0	0	0	0	0	0	0	0	0	0	0	0	0	0	0	0	0	0	0	0	0	0	0	0	0	0	0	0	0	0	0	0	0	0	0	0	0	0	0	0	0	0	0	0	0	0	0	0	0	0	0	0	0	0	0	0	0	0	0	0	0	0	0	0	0	0	0	0	0	0	0	0	0	0	0	0	0	0	0	0	0	0	0	0	0	0	0	0	0	0	0	0	0	0	0	0	0	0	0	0	0	0	0	0	0	0	0	0	0	0	0	0	0	0	0	0	0	0	0	0	0	0	82	54	15	86	40	70	68	77	46	27	17	38	62	18	75	83	98	49	49	12	60	99	97	15	75	97	10	38	48	69	62	2	61	27	2	13	100	40	27	80	4	52	22	80	42	33	21	13	23	62	57	18	33	86	24	40	20	97	32	98	38	26	58
0	0	0	0	0	0	0	0	0	0	0	0	0	0	0	0	0	0	0	0	0	0	0	0	0	0	0	0	0	0	0	0	0	0	0	0	0	0	0	0	0	0	0	0	0	0	0	0	0	0	0	0	0	0	0	0	0	0	0	0	0	0	0	0	0	0	0	0	0	0	0	0	0	0	0	0	0	0	0	0	0	0	0	0	0	0	0	0	0	0	0	0	0	0	0	0	0	0	0	0	0	0	0	0	0	0	0	0	0	0	0	0	0	0	0	0	0	0	0	0	0	0	0	0	0	0	0	0	0	0	0	0	0	0	0	0	0	0	30	44	39	89	42	90	38	43	83	98	25	91	71	85	56	96	33	1	83	25	62	58	7	30	95	92	27	4	77	62	93	93	91	27	7	63	2	55	71	83	47	64	34	62	31	54	28	76	40	64	38	81	28	55	34	17	45	10	64	23	52	75
0	0	0	0	0	0	0	0	0	0	0	0	0	0	0	0	0	0	0	0	0	0	0	0	0	0	0	0	0	0	0	0	0	0	0	0	0	0	0	0	0	0	0	0	0	0	0	0	0	0	0	0	0	0	0	0	0	0	0	0	0	0	0	0	0	0	0	0	0	0	0	0	0	0	0	0	0	0	0	0	0	0	0	0	0	0	0	0	0	0	0	0	0	0	0	0	0	0	0	0	0	0	0	0	0	0	0	0	0	0	0	0	0	0	0	0	0	0	0	0	0	0	0	0	0	0	0	0	0	0	0	0	0	0	0	0	0	0	0	55	95	24	76	14	94	8	77	76	83	13	91	79	51	53	51	93	49	100	21	70	60	21	43	99	2	51	78	71	72	86	37	99	8	89	26	72	75	73	93	81	35	75	50	25	92	57	87	82	35	26	60	88	87	33	84	93	38	47	25	57
0	0	0	0	0	0	0	0	0	0	0	0	0	0	0	0	0	0	0	0	0	0	0	0	0	0	0	0	0	0	0	0	0	0	0	0	0	0	0	0	0	0	0	0	0	0	0	0	0	0	0	0	0	0	0	0	0	0	0	0	0	0	0	0	0	0	0	0	0	0	0	0	0	0	0	0	0	0	0	0	0	0	0	0	0	0	0	0	0	0	0	0	0	0	0	0	0	0	0	0	0	0	0	0	0	0	0	0	0	0	0	0	0	0	0	0	0	0	0	0	0	0	0	0	0	0	0	0	0	0	0	0	0	0	0	0	0	0	0	0	21	12	47	87	60	9	38	78	41	76	43	74	39	67	74	27	95	94	65	21	90	91	4	3	42	79	24	33	100	23	78	40	91	98	27	1	72	74	70	23	1	79	51	51	56	11	38	73	84	24	83	32	95	77	37	79	61	44	36	59
0	0	0	0	0	0	0	0	0	0	0	0	0	0	0	0	0	0	0	0	0	0	0	0	0	0	0	0	0	0	0	0	0	0	0	0	0	0	0	0	0	0	0	0	0	0	0	0	0	0	0	0	0	0	0	0	0	0	0	0	0	0	0	0	0	0	0	0	0	0	0	0	0	0	0	0	0	0	0	0	0	0	0	0	0	0	0	0	0	0	0	0	0	0	0	0	0	0	0	0	0	0	0	0	0	0	0	0	0	0	0	0	0	0	0	0	0	0	0	0	0	0	0	0	0	0	0	0	0	0	0	0	0	0	0	0	0	0	0	0	0	52	49	6	58	37	67	47	82	74	91	30	87	43	58	36	39	68	17	38	96	64	5	99	48	89	25	3	4	51	11	45	47	82	59	24	43	24	67	21	94	28	32	72	14	50	86	60	87	9	91	11	83	87	26	42	44	100	8	43
0	0	0	0	0	0	0	0	0	0	0	0	0	0	0	0	0	0	0	0	0	0	0	0	0	0	0	0	0	0	0	0	0	0	0	0	0	0	0	0	0	0	0	0	0	0	0	0	0	0	0	0	0	0	0	0	0	0	0	0	0	0	0	0	0	0	0	0	0	0	0	0	0	0	0	0	0	0	0	0	0	0	0	0	0	0	0	0	0	0	0	0	0	0	0	0	0	0	0	0	0	0	0	0	0	0	0	0	0	0	0	0	0	0	0	0	0	0	0	0	0	0	0	0	0	0	0	0	0	0	0	0	0	0	0	0	0	0	0	0	0	0	94	12	84	61	56	11	47	61	29	92	39	87	60	97	49	91	17	47	55	6	7	46	11	8	78	37	30	28	86	48	60	61	58	18	13	1	56	9	51	68	98	52	74	94	6	13	14	92	83	42	92	33	39	15	39	10	77	41
0	0	0	0	0	0	0	0	0	0	0	0	0	0	0	0	0	0	0	0	0	0	0	0	0	0	0	0	0	0	0	0	0	0	0	0	0	0	0	0	0	0	0	0	0	0	0	0	0	0	0	0	0	0	0	0	0	0	0	0	0	0	0	0	0	0	0	0	0	0	0	0	0	0	0	0	0	0	0	0	0	0	0	0	0	0	0	0	0	0	0	0	0	0	0	0	0	0	0	0	0	0	0	0	0	0	0	0	0	0	0	0	0	0	0	0	0	0	0	0	0	0	0	0	0	0	0	0	0	0	0	0	0	0	0	0	0	0	0	0	0	0	0	18	86	12	9	31	52	75	35	43	1	53	62	93	77	81	30	94	98	94	69	47	25	92	70	73	30	70	76	17	52	5	44	37	90	55	99	83	40	34	67	17	81	36	72	47	69	18	27	40	83	41	31	100	42	89	68	11
0	0	0	0	0	0	0	0	0	0	0	0	0	0	0	0	0	0	0	0	0	0	0	0	0	0	0	0	0	0	0	0	0	0	0	0	0	0	0	0	0	0	0	0	0	0	0	0	0	0	0	0	0	0	0	0	0	0	0	0	0	0	0	0	0	0	0	0	0	0	0	0	0	0	0	0	0	0	0	0	0	0	0	0	0	0	0	0	0	0	0	0	0	0	0	0	0	0	0	0	0	0	0	0	0	0	0	0	0	0	0	0	0	0	0	0	0	0	0	0	0	0	0	0	0	0	0	0	0	0	0	0	0	0	0	0	0	0	0	0	0	0	0	0	22	21	69	56	34	45	78	60	88	19	63	42	70	37	100	25	52	96	13	32	55	66	46	10	73	66	85	97	42	25	100	70	47	52	83	83	89	97	78	6	94	88	96	10	85	86	48	87	64	19	37	3	63	60	77	100
0	0	0	0	0	0	0	0	0	0	0	0	0	0	0	0	0	0	0	0	0	0	0	0	0	0	0	0	0	0	0	0	0	0	0	0	0	0	0	0	0	0	0	0	0	0	0	0	0	0	0	0	0	0	0	0	0	0	0	0	0	0	0	0	0	0	0	0	0	0	0	0	0	0	0	0	0	0	0	0	0	0	0	0	0	0	0	0	0	0	0	0	0	0	0	0	0	0	0	0	0	0	0	0	0	0	0	0	0	0	0	0	0	0	0	0	0	0	0	0	0	0	0	0	0	0	0	0	0	0	0	0	0	0	0	0	0	0	0	0	0	0	0	0	0	55	55	6	26	93	48	25	17	74	11	81	56	32	86	65	77	39	41	9	41	85	85	99	80	3	7	58	2	94	80	88	21	83	42	58	63	44	18	8	97	47	70	82	18	36	59	90	57	2	3	80	98	23	8	91
0	0	0	0	0	0	0	0	0	0	0	0	0	0	0	0	0	0	0	0	0	0	0	0	0	0	0	0	0	0	0	0	0	0	0	0	0	0	0	0	0	0	0	0	0	0	0	0	0	0	0	0	0	0	0	0	0	0	0	0	0	0	0	0	0	0	0	0	0	0	0	0	0	0	0	0	0	0	0	0	0	0	0	0	0	0	0	0	0	0	0	0	0	0	0	0	0	0	0	0	0	0	0	0	0	0	0	0	0	0	0	0	0	0	0	0	0	0	0	0	0	0	0	0	0	0	0	0	0	0	0	0	0	0	0	0	0	0	0	0	0	0	0	0	0	0	63	31	29	5	80	28	75	41	54	64	72	21	36	70	60	17	41	14	52	20	85	72	20	78	23	85	90	1	92	2	17	62	85	18	37	11	89	95	79	2	6	53	53	99	46	91	41	27	61	35	86	71	21	76
0	0	0	0	0	0	0	0	0	0	0	0	0	0	0	0	0	0	0	0	0	0	0	0	0	0	0	0	0	0	0	0	0	0	0	0	0	0	0	0	0	0	0	0	0	0	0	0	0	0	0	0	0	0	0	0	0	0	0	0	0	0	0	0	0	0	0	0	0	0	0	0	0	0	0	0	0	0	0	0	0	0	0	0	0	0	0	0	0	0	0	0	0	0	0	0	0	0	0	0	0	0	0	0	0	0	0	0	0	0	0	0	0	0	0	0	0	0	0	0	0	0	0	0	0	0	0	0	0	0	0	0	0	0	0	0	0	0	0	0	0	0	0	0	0	0	0	5	25	15	18	54	6	77	47	55	28	94	82	10	87	57	65	38	43	14	99	81	96	27	32	13	55	51	81	16	85	25	49	11	79	20	63	58	52	12	1	10	63	85	49	37	16	52	26	48	62	53	95	47
0	0	0	0	0	0	0	0	0	0	0	0	0	0	0	0	0	0	0	0	0	0	0	0	0	0	0	0	0	0	0	0	0	0	0	0	0	0	0	0	0	0	0	0	0	0	0	0	0	0	0	0	0	0	0	0	0	0	0	0	0	0	0	0	0	0	0	0	0	0	0	0	0	0	0	0	0	0	0	0	0	0	0	0	0	0	0	0	0	0	0	0	0	0	0	0	0	0	0	0	0	0	0	0	0	0	0	0	0	0	0	0	0	0	0	0	0	0	0	0	0	0	0	0	0	0	0	0	0	0	0	0	0	0	0	0	0	0	0	0	0	0	0	0	0	0	0	0	77	40	28	44	41	57	98	82	47	39	98	41	91	6	94	15	76	85	53	67	21	38	32	47	76	65	1	75	57	28	59	88	57	21	76	31	80	23	81	91	14	42	48	11	46	94	80	10	9	59	5	49
0	0	0	0	0	0	0	0	0	0	0	0	0	0	0	0	0	0	0	0	0	0	0	0	0	0	0	0	0	0	0	0	0	0	0	0	0	0	0	0	0	0	0	0	0	0	0	0	0	0	0	0	0	0	0	0	0	0	0	0	0	0	0	0	0	0	0	0	0	0	0	0	0	0	0	0	0	0	0	0	0	0	0	0	0	0	0	0	0	0	0	0	0	0	0	0	0	0	0	0	0	0	0	0	0	0	0	0	0	0	0	0	0	0	0	0	0	0	0	0	0	0	0	0	0	0	0	0	0	0	0	0	0	0	0	0	0	0	0	0	0	0	0	0	0	0	0	0	0	82	6	43	93	11	6	98	53	36	34	56	44	15	79	63	9	85	90	89	93	93	26	26	94	19	52	41	56	51	20	40	72	95	33	2	46	55	30	94	13	5	48	74	79	85	48	6	19	48	37	95
0	0	0	0	0	0	0	0	0	0	0	0	0	0	0	0	0	0	0	0	0	0	0	0	0	0	0	0	0	0	0	0	0	0	0	0	0	0	0	0	0	0	0	0	0	0	0	0	0	0	0	0	0	0	0	0	0	0	0	0	0	0	0	0	0	0	0	0	0	0	0	0	0	0	0	0	0	0	0	0	0	0	0	0	0	0	0	0	0	0	0	0	0	0	0	0	0	0	0	0	0	0	0	0	0	0	0	0	0	0	0	0	0	0	0	0	0	0	0	0	0	0	0	0	0	0	0	0	0	0	0	0	0	0	0	0	0	0	0	0	0	0	0	0	0	0	0	0	0	0	18	88	11	13	96	91	91	57	68	78	51	63	81	24	30	36	20	46	73	8	84	46	33	41	56	27	46	16	47	52	41	68	15	67	21	32	32	58	88	56	56	46	60	21	39	5	22	83	57	94
0	0	0	0	0	0	0	0	0	0	0	0	0	0	0	0	0	0	0	0	0	0	0	0	0	0	0	0	0	0	0	0	0	0	0	0	0	0	0	0	0	0	0	0	0	0	0	0	0	0	0	0	0	0	0	0	0	0	0	0	0	0	0	0	0	0	0	0	0	0	0	0	0	0	0	0	0	0	0	0	0	0	0	0	0	0	0	0	0	0	0	0	0	0	0	0	0	0	0	0	0	0	0	0	0	0	0	0	0	0	0	0	0	0	0	0	0	0	0	0	0	0	0	0	0	0	0	0	0	0	0	0	0	0	0	0	0	0	0	0	0	0	0	0	0	0	0	0	0	0	0	67	1	32	87	30	9	5	67	75	65	15	14	33	70	39	62	88	35	39	59	42	46	34	72	79	99	74	5	16	30	67	81	80	32	19	57	55	25	24	82	36	82	74	81	66	66	52	1	28
0	0	0	0	0	0	0	0	0	0	0	0	0	0	0	0	0	0	0	0	0	0	0	0	0	0	0	0	0	0	0	0	0	0	0	0	0	0	0	0	0	0	0	0	0	0	0	0	0	0	0	0	0	0	0	0	0	0	0	0	0	0	0	0	0	0	0	0	0	0	0	0	0	0	0	0	0	0	0	0	0	0	0	0	0	0	0	0	0	0	0	0	0	0	0	0	0	0	0	0	0	0	0	0	0	0	0	0	0	0	0	0	0	0	0	0	0	0	0	0	0	0	0	0	0	0	0	0	0	0	0	0	0	0	0	0	0	0	0	0	0	0	0	0	0	0	0	0	0	0	0	0	3	75	67	34	74	48	70	76	3	98	45	85	4	11	78	5	65	45	72	87	15	10	1	78	66	73	6	32	88	80	37	17	7	75	18	47	94	30	14	35	12	100	4	60	55	88	33	96
0	0	0	0	0	0	0	0	0	0	0	0	0	0	0	0	0	0	0	0	0	0	0	0	0	0	0	0	0	0	0	0	0	0	0	0	0	0	0	0	0	0	0	0	0	0	0	0	0	0	0	0	0	0	0	0	0	0	0	0	0	0	0	0	0	0	0	0	0	0	0	0	0	0	0	0	0	0	0	0	0	0	0	0	0	0	0	0	0	0	0	0	0	0	0	0	0	0	0	0	0	0	0	0	0	0	0	0	0	0	0	0	0	0	0	0	0	0	0	0	0	0	0	0	0	0	0	0	0	0	0	0	0	0	0	0	0	0	0	0	0	0	0	0	0	0	0	0	0	0	0	0	0	1	60	12	22	1	14	27	67	1	27	37	30	100	48	85	28	71	75	68	42	52	14	7	88	19	19	76	6	29	67	86	6	59	22	88	1	49	94	96	49	56	40	30	57	33	64	29
0	0	0	0	0	0	0	0	0	0	0	0	0	0	0	0	0	0	0	0	0	0	0	0	0	0	0	0	0	0	0	0	0	0	0	0	0	0	0	0	0	0	0	0	0	0	0	0	0	0	0	0	0	0	0	0	0	0	0	0	0	0	0	0	0	0	0	0	0	0	0	0	0	0	0	0	0	0	0	0	0	0	0	0	0	0	0	0	0	0	0	0	0	0	0	0	0	0	0	0	0	0	0	0	0	0	0	0	0	0	0	0	0	0	0	0	0	0	0	0	0	0	0	0	0	0	0	0	0	0	0	0	0	0	0	0	0	0	0	0	0	0	0	0	0	0	0	0	0	0	0	0	0	0	27	76	47	96	66	82	14	13	71	47	19	18	98	39	77	46	55	24	10	97	60	73	76	20	2	43	8	68	32	9	71	73	79	57	12	74	36	6	47	16	100	37	60	73	29	89
0	0	0	0	0	0	0	0	0	0	0	0	0	0	0	0	0	0	0	0	0	0	0	0	0	0	0	0	0	0	0	0	0	0	0	0	0	0	0	0	0	0	0	0	0	0	0	0	0	0	0	0	0	0	0	0	0	0	0	0	0	0	0	0	0	0	0	0	0	0	0	0	0	0	0	0	0	0	0	0	0	0	0	0	0	0	0	0	0	0	0	0	0	0	0	0	0	0	0	0	0	0	0	0	0	0	0	0	0	0	0	0	0	0	0	0	0	0	0	0	0	0	0	0	0	0	0	0	0	0	0	0	0	0	0	0	0	0	0	0	0	0	0	0	0	0	0	0	0	0	0	0	0	0	0	39	44	11	51	41	46	58	50	25	91	72	80	8	60	39	99	62	61	52	71	97	28	27	69	89	84	47	80	75	87	75	79	60	59	6	76	37	45	72	73	17	74	78	6	51
0	0	0	0	0	0	0	0	0	0	0	0	0	0	0	0	0	0	0	0	0	0	0	0	0	0	0	0	0	0	0	0	0	0	0	0	0	0	0	0	0	0	0	0	0	0	0	0	0	0	0	0	0	0	0	0	0	0	0	0	0	0	0	0	0	0	0	0	0	0	0	0	0	0	0	0	0	0	0	0	0	0	0	0	0	0	0	0	0	0	0	0	0	0	0	0	0	0	0	0	0	0	0	0	0	0	0	0	0	0	0	0	0	0	0	0	0	0	0	0	0	0	0	0	0	0	0	0	0	0	0	0	0	0	0	0	0	0	0	0	0	0	0	0	0	0	0	0	0	0	0	0	0	0	0	0	57	15	50	9	1	98	25	90	28	80	19	32	50	32	16	75	29	34	13	59	17	1	60	96	4	81	48	67	75	31	58	17	28	12	64	96	6	66	44	80	74	51	4	39
0	0	0	0	0	0	0	0	0	0	0	0	0	0	0	0	0	0	0	0	0	0	0	0	0	0	0	0	0	0	0	0	0	0	0	0	0	0	0	0	0	0	0	0	0	0	0	0	0	0	0	0	0	0	0	0	0	0	0	0	0	0	0	0	0	0	0	0	0	0	0	0	0	0	0	0	0	0	0	0	0	0	0	0	0	0	0	0	0	0	0	0	0	0	0	0	0	0	0	0	0	0	0	0	0	0	0	0	0	0	0	0	0	0	0	0	0	0	0	0	0	0	0	0	0	0	0	0	0	0	0	0	0	0	0	0	0	0	0	0	0	0	0	0	0	0	0	0	0	0	0	0	0	0	0	0	0	56	99	62	68	30	29	43	7	5	82	3	78	87	46	28	28	80	13	74	18	13	77	99	83	70	2	47	22	32	55	92	27	72	29	81	23	63	30	29	69	52	90	7
0	0	0	0	0	0	0	0	0	0	0	0	0	0	0	0	0	0	0	0	0	0	0	0	0	0	0	0	0	0	0	0	0	0	0	0	0	0	0	0	0	0	0	0	0	0	0	0	0	0	0	0	0	0	0	0	0	0	0	0	0	0	0	0	0	0	0	0	0	0	0	0	0	0	0	0	0	0	0	0	0	0	0	0	0	0	0	0	0	0	0	0	0	0	0	0	0	0	0	0	0	0	0	0	0	0	0	0	0	0	0	0	0	0	0	0	0	0	0	0	0	0	0	0	0	0	0	0	0	0	0	0	0	0	0	0	0	0	0	0	0	0	0	0	0	0	0	0	0	0	0	0	0	0	0	0	0	0	17	3	94	49	69	40	99	69	91	88	87	88	5	47	23	10	84	4	28	95	20	17	84	70	71	92	41	15	41	4	2	78	23	72	6	58	91	55	69	48	43	52
0	0	0	0	0	0	0	0	0	0	0	0	0	0	0	0	0	0	0	0	0	0	0	0	0	0	0	0	0	0	0	0	0	0	0	0	0	0	0	0	0	0	0	0	0	0	0	0	0	0	0	0	0	0	0	0	0	0	0	0	0	0	0	0	0	0	0	0	0	0	0	0	0	0	0	0	0	0	0	0	0	0	0	0	0	0	0	0	0	0	0	0	0	0	0	0	0	0	0	0	0	0	0	0	0	0	0	0	0	0	0	0	0	0	0	0	0	0	0	0	0	0	0	0	0	0	0	0	0	0	0	0	0	0	0	0	0	0	0	0	0	0	0	0	0	0	0	0	0	0	0	0	0	0	0	0	0	0	0	37	27	68	32	46	38	39	22	47	53	66	51	61	72	12	61	60	20	26	90	32	100	51	33	33	17	69	17	58	74	6	30	80	52	22	5	65	70	25	76	64
0	0	0	0	0	0	0	0	0	0	0	0	0	0	0	0	0	0	0	0	0	0	0	0	0	0	0	0	0	0	0	0	0	0	0	0	0	0	0	0	0	0	0	0	0	0	0	0	0	0	0	0	0	0	0	0	0	0	0	0	0	0	0	0	0	0	0	0	0	0	0	0	0	0	0	0	0	0	0	0	0	0	0	0	0	0	0	0	0	0	0	0	0	0	0	0	0	0	0	0	0	0	0	0	0	0	0	0	0	0	0	0	0	0	0	0	0	0	0	0	0	0	0	0	0	0	0	0	0	0	0	0	0	0	0	0	0	0	0	0	0	0	0	0	0	0	0	0	0	0	0	0	0	0	0	0	0	0	0	0	93	21	87	12	35	22	57	44	66	86	83	74	96	53	96	92	69	82	54	12	20	13	93	28	35	79	47	98	99	96	88	46	53	64	55	74	80	90	9	59
0	0	0	0	0	0	0	0	0	0	0	0	0	0	0	0	0	0	0	0	0	0	0	0	0	0	0	0	0	0	0	0	0	0	0	0	0	0	0	0	0	0	0	0	0	0	0	0	0	0	0	0	0	0	0	0	0	0	0	0	0	0	0	0	0	0	0	0	0	0	0	0	0	0	0	0	0	0	0	0	0	0	0	0	0	0	0	0	0	0	0	0	0	0	0	0	0	0	0	0	0	0	0	0	0	0	0	0	0	0	0	0	0	0	0	0	0	0	0	0	0	0	0	0	0	0	0	0	0	0	0	0	0	0	0	0	0	0	0	0	0	0	0	0	0	0	0	0	0	0	0	0	0	0	0	0	0	0	0	0	0	7	19	22	38	42	62	74	74	1	61	19	38	13	3	10	3	32	21	80	39	76	92	46	86	95	20	49	65	66	75	64	85	88	50	55	82	95	93	98
0	0	0	0	0	0	0	0	0	0	0	0	0	0	0	0	0	0	0	0	0	0	0	0	0	0	0	0	0	0	0	0	0	0	0	0	0	0	0	0	0	0	0	0	0	0	0	0	0	0	0	0	0	0	0	0	0	0	0	0	0	0	0	0	0	0	0	0	0	0	0	0	0	0	0	0	0	0	0	0	0	0	0	0	0	0	0	0	0	0	0	0	0	0	0	0	0	0	0	0	0	0	0	0	0	0	0	0	0	0	0	0	0	0	0	0	0	0	0	0	0	0	0	0	0	0	0	0	0	0	0	0	0	0	0	0	0	0	0	0	0	0	0	0	0	0	0	0	0	0	0	0	0	0	0	0	0	0	0	0	0	0	92	66	39	95	16	73	76	37	96	91	74	58	10	17	27	96	11	65	53	19	47	70	93	99	89	70	75	50	92	14	86	82	30	37	16	86	50	93
0	0	0	0	0	0	0	0	0	0	0	0	0	0	0	0	0	0	0	0	0	0	0	0	0	0	0	0	0	0	0	0	0	0	0	0	0	0	0	0	0	0	0	0	0	0	0	0	0	0	0	0	0	0	0	0	0	0	0	0	0	0	0	0	0	0	0	0	0	0	0	0	0	0	0	0	0	0	0	0	0	0	0	0	0	0	0	0	0	0	0	0	0	0	0	0	0	0	0	0	0	0	0	0	0	0	0	0	0	0	0	0	0	0	0	0	0	0	0	0	0	0	0	0	0	0	0	0	0	0	0	0	0	0	0	0	0	0	0	0	0	0	0	0	0	0	0	0	0	0	0	0	0	0	0	0	0	0	0	0	0	0	0	80	57	25	19	63	31	33	67	3	87	17	41	31	47	6	51	13	2	72	31	37	96	50	19	70	63	39	32	7	84	92	49	12	23	10	46	56
0	0	0	0	0	0	0	0	0	0	0	0	0	0	0	0	0	0	0	0	0	0	0	0	0	0	0	0	0	0	0	0	0	0	0	0	0	0	0	0	0	0	0	0	0	0	0	0	0	0	0	0	0	0	0	0	0	0	0	0	0	0	0	0	0	0	0	0	0	0	0	0	0	0	0	0	0	0	0	0	0	0	0	0	0	0	0	0	0	0	0	0	0	0	0	0	0	0	0	0	0	0	0	0	0	0	0	0	0	0	0	0	0	0	0	0	0	0	0	0	0	0	0	0	0	0	0	0	0	0	0	0	0	0	0	0	0	0	0	0	0	0	0	0	0	0	0	0	0	0	0	0	0	0	0	0	0	0	0	0	0	0	0	0	57	50	41	59	94	46	12	61	72	79	1	30	100	25	68	29	47	10	39	56	76	43	84	82	57	42	27	83	67	36	62	29	63	11	28	84
0	0	0	0	0	0	0	0	0	0	0	0	0	0	0	0	0	0	0	0	0	0	0	0	0	0	0	0	0	0	0	0	0	0	0	0	0	0	0	0	0	0	0	0	0	0	0	0	0	0	0	0	0	0	0	0	0	0	0	0	0	0	0	0	0	0	0	0	0	0	0	0	0	0	0	0	0	0	0	0	0	0	0	0	0	0	0	0	0	0	0	0	0	0	0	0	0	0	0	0	0	0	0	0	0	0	0	0	0	0	0	0	0	0	0	0	0	0	0	0	0	0	0	0	0	0	0	0	0	0	0	0	0	0	0	0	0	0	0	0	0	0	0	0	0	0	0	0	0	0	0	0	0	0	0	0	0	0	0	0	0	0	0	0	0	3	99	50	88	39	71	9	68	2	9	53	67	13	10	29	100	38	71	9	23	73	20	9	49	32	39	49	1	42	10	51	92	71	35	23
0	0	0	0	0	0	0	0	0	0	0	0	0	0	0	0	0	0	0	0	0	0	0	0	0	0	0	0	0	0	0	0	0	0	0	0	0	0	0	0	0	0	0	0	0	0	0	0	0	0	0	0	0	0	0	0	0	0	0	0	0	0	0	0	0	0	0	0	0	0	0	0	0	0	0	0	0	0	0	0	0	0	0	0	0	0	0	0	0	0	0	0	0	0	0	0	0	0	0	0	0	0	0	0	0	0	0	0	0	0	0	0	0	0	0	0	0	0	0	0	0	0	0	0	0	0	0	0	0	0	0	0	0	0	0	0	0	0	0	0	0	0	0	0	0	0	0	0	0	0	0	0	0	0	0	0	0	0	0	0	0	0	0	0	0	0	17	66	16	70	47	32	3	69	95	52	77	94	74	85	67	19	31	96	22	39	31	75	30	69	26	28	34	42	57	30	100	43	49	63
0	0	0	0	0	0	0	0	0	0	0	0	0	0	0	0	0	0	0	0	0	0	0	0	0	0	0	0	0	0	0	0	0	0	0	0	0	0	0	0	0	0	0	0	0	0	0	0	0	0	0	0	0	0	0	0	0	0	0	0	0	0	0	0	0	0	0	0	0	0	0	0	0	0	0	0	0	0	0	0	0	0	0	0	0	0	0	0	0	0	0	0	0	0	0	0	0	0	0	0	0	0	0	0	0	0	0	0	0	0	0	0	0	0	0	0	0	0	0	0	0	0	0	0	0	0	0	0	0	0	0	0	0	0	0	0	0	0	0	0	0	0	0	0	0	0	0	0	0	0	0	0	0	0	0	0	0	0	0	0	0	0	0	0	0	0	0	64	13	68	45	60	50	9	98	38	33	19	20	10	2	33	63	4	31	68	32	86	27	94	58	66	10	91	27	98	50	3	84	66
0	0	0	0	0	0	0	0	0	0	0	0	0	0	0	0	0	0	0	0	0	0	0	0	0	0	0	0	0	0	0	0	0	0	0	0	0	0	0	0	0	0	0	0	0	0	0	0	0	0	0	0	0	0	0	0	0	0	0	0	0	0	0	0	0	0	0	0	0	0	0	0	0	0	0	0	0	0	0	0	0	0	0	0	0	0	0	0	0	0	0	0	0	0	0	0	0	0	0	0	0	0	0	0	0	0	0	0	0	0	0	0	0	0	0	0	0	0	0	0	0	0	0	0	0	0	0	0	0	0	0	0	0	0	0	0	0	0	0	0	0	0	0	0	0	0	0	0	0	0	0	0	0	0	0	0	0	0	0	0	0	0	0	0	0	0	0	0	61	86	10	43	63	56	54	75	67	74	4	32	42	71	85	82	28	12	98	42	19	97	73	8	66	36	87	6	44	73	23	5
0	0	0	0	0	0	0	0	0	0	0	0	0	0	0	0	0	0	0	0	0	0	0	0	0	0	0	0	0	0	0	0	0	0	0	0	0	0	0	0	0	0	0	0	0	0	0	0	0	0	0	0	0	0	0	0	0	0	0	0	0	0	0	0	0	0	0	0	0	0	0	0	0	0	0	0	0	0	0	0	0	0	0	0	0	0	0	0	0	0	0	0	0	0	0	0	0	0	0	0	0	0	0	0	0	0	0	0	0	0	0	0	0	0	0	0	0	0	0	0	0	0	0	0	0	0	0	0	0	0	0	0	0	0	0	0	0	0	0	0	0	0	0	0	0	0	0	0	0	0	0	0	0	0	0	0	0	0	0	0	0	0	0	0	0	0	0	0	0	18	81	95	21	75	21	57	7	71	91	97	87	90	11	78	20	47	95	42	38	93	73	32	99	71	42	53	51	44	92	51
0	0	0	0	0	0	0	0	0	0	0	0	0	0	0	0	0	0	0	0	0	0	0	0	0	0	0	0	0	0	0	0	0	0	0	0	0	0	0	0	0	0	0	0	0	0	0	0	0	0	0	0	0	0	0	0	0	0	0	0	0	0	0	0	0	0	0	0	0	0	0	0	0	0	0	0	0	0	0	0	0	0	0	0	0	0	0	0	0	0	0	0	0	0	0	0	0	0	0	0	0	0	0	0	0	0	0	0	0	0	0	0	0	0	0	0	0	0	0	0	0	0	0	0	0	0	0	0	0	0	0	0	0	0	0	0	0	0	0	0	0	0	0	0	0	0	0	0	0	0	0	0	0	0	0	0	0	0	0	0	0	0	0	0	0	0	0	0	0	0	3	49	30	51	26	100	64	9	97	65	66	82	48	40	34	74	38	54	46	16	64	37	76	39	39	20	88	90	54	92
0	0	0	0	0	0	0	0	0	0	0	0	0	0	0	0	0	0	0	0	0	0	0	0	0	0	0	0	0	0	0	0	0	0	0	0	0	0	0	0	0	0	0	0	0	0	0	0	0	0	0	0	0	0	0	0	0	0	0	0	0	0	0	0	0	0	0	0	0	0	0	0	0	0	0	0	0	0	0	0	0	0	0	0	0	0	0	0	0	0	0	0	0	0	0	0	0	0	0	0	0	0	0	0	0	0	0	0	0	0	0	0	0	0	0	0	0	0	0	0	0	0	0	0	0	0	0	0	0	0	0	0	0	0	0	0	0	0	0	0	0	0	0	0	0	0	0	0	0	0	0	0	0	0	0	0	0	0	0	0	0	0	0	0	0	0	0	0	0	0	0	92	84	67	10	28	19	97	84	65	48	83	70	16	44	45	54	36	49	56	9	24	7	77	39	99	30	36	33	27
0	0	0	0	0	0	0	0	0	0	0	0	0	0	0	0	0	0	0	0	0	0	0	0	0	0	0	0	0	0	0	0	0	0	0	0	0	0	0	0	0	0	0	0	0	0	0	0	0	0	0	0	0	0	0	0	0	0	0	0	0	0	0	0	0	0	0	0	0	0	0	0	0	0	0	0	0	0	0	0	0	0	0	0	0	0	0	0	0	0	0	0	0	0	0	0	0	0	0	0	0	0	0	0	0	0	0	0	0	0	0	0	0	0	0	0	0	0	0	0	0	0	0	0	0	0	0	0	0	0	0	0	0	0	0	0	0	0	0	0	0	0	0	0	0	0	0	0	0	0	0	0	0	0	0	0	0	0	0	0	0	0	0	0	0	0	0	0	0	0	0	0	30	83	46	81	7	44	39	35	79	74	88	56	8	60	65	64	99	50	34	8	99	95	67	57	36	4	87	38
0	0	0	0	0	0	0	0	0	0	0	0	0	0	0	0	0	0	0	0	0	0	0	0	0	0	0	0	0	0	0	0	0	0	0	0	0	0	0	0	0	0	0	0	0	0	0	0	0	0	0	0	0	0	0	0	0	0	0	0	0	0	0	0	0	0	0	0	0	0	0	0	0	0	0	0	0	0	0	0	0	0	0	0	0	0	0	0	0	0	0	0	0	0	0	0	0	0	0	0	0	0	0	0	0	0	0	0	0	0	0	0	0	0	0	0	0	0	0	0	0	0	0	0	0	0	0	0	0	0	0	0	0	0	0	0	0	0	0	0	0	0	0	0	0	0	0	0	0	0	0	0	0	0	0	0	0	0	0	0	0	0	0	0	0	0	0	0	0	0	0	0	0	13	53	83	57	29	9	59	59	22	40	6	11	2	10	37	72	39	60	11	66	6	2	6	56	65	33	8
0	0	0	0	0	0	0	0	0	0	0	0	0	0	0	0	0	0	0	0	0	0	0	0	0	0	0	0	0	0	0	0	0	0	0	0	0	0	0	0	0	0	0	0	0	0	0	0	0	0	0	0	0	0	0	0	0	0	0	0	0	0	0	0	0	0	0	0	0	0	0	0	0	0	0	0	0	0	0	0	0	0	0	0	0	0	0	0	0	0	0	0	0	0	0	0	0	0	0	0	0	0	0	0	0	0	0	0	0	0	0	0	0	0	0	0	0	0	0	0	0	0	0	0	0	0	0	0	0	0	0	0	0	0	0	0	0	0	0	0	0	0	0	0	0	0	0	0	0	0	0	0	0	0	0	0	0	0	0	0	0	0	0	0	0	0	0	0	0	0	0	0	0	0	45	91	58	60	69	21	4	85	88	94	40	92	33	47	98	51	49	21	13	65	78	8	79	94	15	18
0	0	0	0	0	0	0	0	0	0	0	0	0	0	0	0	0	0	0	0	0	0	0	0	0	0	0	0	0	0	0	0	0	0	0	0	0	0	0	0	0	0	0	0	0	0	0	0	0	0	0	0	0	0	0	0	0	0	0	0	0	0	0	0	0	0	0	0	0	0	0	0	0	0	0	0	0	0	0	0	0	0	0	0	0	0	0	0	0	0	0	0	0	0	0	0	0	0	0	0	0	0	0	0	0	0	0	0	0	0	0	0	0	0	0	0	0	0	0	0	0	0	0	0	0	0	0	0	0	0	0	0	0	0	0	0	0	0	0	0	0	0	0	0	0	0	0	0	0	0	0	0	0	0	0	0	0	0	0	0	0	0	0	0	0	0	0	0	0	0	0	0	0	0	0	14	95	42	14	55	69	61	15	18	24	96	69	24	12	51	6	53	83	56	1	94	85	100	43	94
0	0	0	0	0	0	0	0	0	0	0	0	0	0	0	0	0	0	0	0	0	0	0	0	0	0	0	0	0	0	0	0	0	0	0	0	0	0	0	0	0	0	0	0	0	0	0	0	0	0	0	0	0	0	0	0	0	0	0	0	0	0	0	0	0	0	0	0	0	0	0	0	0	0	0	0	0	0	0	0	0	0	0	0	0	0	0	0	0	0	0	0	0	0	0	0	0	0	0	0	0	0	0	0	0	0	0	0	0	0	0	0	0	0	0	0	0	0	0	0	0	0	0	0	0	0	0	0	0	0	0	0	0	0	0	0	0	0	0	0	0	0	0	0	0	0	0	0	0	0	0	0	0	0	0	0	0	0	0	0	0	0	0	0	0	0	0	0	0	0	0	0	0	0	0	0	69	26	64	89	53	18	19	22	53	75	74	65	61	32	21	94	93	6	20	85	91	39	44	88
0	0	0	0	0	0	0	0	0	0	0	0	0	0	0	0	0	0	0	0	0	0	0	0	0	0	0	0	0	0	0	0	0	0	0	0	0	0	0	0	0	0	0	0	0	0	0	0	0	0	0	0	0	0	0	0	0	0	0	0	0	0	0	0	0	0	0	0	0	0	0	0	0	0	0	0	0	0	0	0	0	0	0	0	0	0	0	0	0	0	0	0	0	0	0	0	0	0	0	0	0	0	0	0	0	0	0	0	0	0	0	0	0	0	0	0	0	0	0	0	0	0	0	0	0	0	0	0	0	0	0	0	0	0	0	0	0	0	0	0	0	0	0	0	0	0	0	0	0	0	0	0	0	0	0	0	0	0	0	0	0	0	0	0	0	0	0	0	0	0	0	0	0	0	0	0	0	25	96	71	3	8	12	86	85	45	28	81	62	2	99	48	45	84	59	73	96	80	7	28
0	0	0	0	0	0	0	0	0	0	0	0	0	0	0	0	0	0	0	0	0	0	0	0	0	0	0	0	0	0	0	0	0	0	0	0	0	0	0	0	0	0	0	0	0	0	0	0	0	0	0	0	0	0	0	0	0	0	0	0	0	0	0	0	0	0	0	0	0	0	0	0	0	0	0	0	0	0	0	0	0	0	0	0	0	0	0	0	0	0	0	0	0	0	0	0	0	0	0	0	0	0	0	0	0	0	0	0	0	0	0	0	0	0	0	0	0	0	0	0	0	0	0	0	0	0	0	0	0	0	0	0	0	0	0	0	0	0	0	0	0	0	0	0	0	0	0	0	0	0	0	0	0	0	0	0	0	0	0	0	0	0	0	0	0	0	0	0	0	0	0	0	0	0	0	0	0	0	58	1	84	28	27	7	95	93	56	18	4	48	71	57	37	40	76	68	59	57	22	73
0	0	0	0	0	0	0	0	0	0	0	0	0	0	0	0	0	0	0	0	0	0	0	0	0	0	0	0	0	0	0	0	0	0	0	0	0	0	0	0	0	0	0	0	0	0	0	0	0	0	0	0	0	0	0	0	0	0	0	0	0	0	0	0	0	0	0	0	0	0	0	0	0	0	0	0	0	0	0	0	0	0	0	0	0	0	0	0	0	0	0	0	0	0	0	0	0	0	0	0	0	0	0	0	0	0	0	0	0	0	0	0	0	0	0	0	0	0	0	0	0	0	0	0	0	0	0	0	0	0	0	0	0	0	0	0	0	0	0	0	0	0	0	0	0	0	0	0	0	0	0	0	0	0	0	0	0	0	0	0	0	0	0	0	0	0	0	0	0	0	0	0	0	0	0	0	0	0	0	2	6	91	92	41	15	62	11	100	6	95	10	2	56	94	43	51	37	10	26	78
0	0	0	0	0	0	0	0	0	0	0	0	0	0	0	0	0	0	0	0	0	0	0	0	0	0	0	0	0	0	0	0	0	0	0	0	0	0	0	0	0	0	0	0	0	0	0	0	0	0	0	0	0	0	0	0	0	0	0	0	0	0	0	0	0	0	0	0	0	0	0	0	0	0	0	0	0	0	0	0	0	0	0	0	0	0	0	0	0	0	0	0	0	0	0	0	0	0	0	0	0	0	0	0	0	0	0	0	0	0	0	0	0	0	0	0	0	0	0	0	0	0	0	0	0	0	0	0	0	0	0	0	0	0	0	0	0	0	0	0	0	0	0	0	0	0	0	0	0	0	0	0	0	0	0	0	0	0	0	0	0	0	0	0	0	0	0	0	0	0	0	0	0	0	0	0	0	0	0	0	49	5	19	16	73	20	36	48	14	61	18	84	65	57	89	39	88	25	66	37
0	0	0	0	0	0	0	0	0	0	0	0	0	0	0	0	0	0	0	0	0	0	0	0	0	0	0	0	0	0	0	0	0	0	0	0	0	0	0	0	0	0	0	0	0	0	0	0	0	0	0	0	0	0	0	0	0	0	0	0	0	0	0	0	0	0	0	0	0	0	0	0	0	0	0	0	0	0	0	0	0	0	0	0	0	0	0	0	0	0	0	0	0	0	0	0	0	0	0	0	0	0	0	0	0	0	0	0	0	0	0	0	0	0	0	0	0	0	0	0	0	0	0	0	0	0	0	0	0	0	0	0	0	0	0	0	0	0	0	0	0	0	0	0	0	0	0	0	0	0	0	0	0	0	0	0	0	0	0	0	0	0	0	0	0	0	0	0	0	0	0	0	0	0	0	0	0	0	0	0	0	89	72	53	59	85	78	95	83	95	77	44	8	99	21	62	88	10	55	72
0	0	0	0	0	0	0	0	0	0	0	0	0	0	0	0	0	0	0	0	0	0	0	0	0	0	0	0	0	0	0	0	0	0	0	0	0	0	0	0	0	0	0	0	0	0	0	0	0	0	0	0	0	0	0	0	0	0	0	0	0	0	0	0	0	0	0	0	0	0	0	0	0	0	0	0	0	0	0	0	0	0	0	0	0	0	0	0	0	0	0	0	0	0	0	0	0	0	0	0	0	0	0	0	0	0	0	0	0	0	0	0	0	0	0	0	0	0	0	0	0	0	0	0	0	0	0	0	0	0	0	0	0	0	0	0	0	0	0	0	0	0	0	0	0	0	0	0	0	0	0	0	0	0	0	0	0	0	0	0	0	0	0	0	0	0	0	0	0	0	0	0	0	0	0	0	0	0	0	0	0	0	59	82	27	18	80	84	82	99	79	97	11	79	65	13	2	66	41	9
0	0	0	0	0	0	0	0	0	0	0	0	0	0	0	0	0	0	0	0	0	0	0	0	0	0	0	0	0	0	0	0	0	0	0	0	0	0	0	0	0	0	0	0	0	0	0	0	0	0	0	0	0	0	0	0	0	0	0	0	0	0	0	0	0	0	0	0	0	0	0	0	0	0	0	0	0	0	0	0	0	0	0	0	0	0	0	0	0	0	0	0	0	0	0	0	0	0	0	0	0	0	0	0	0	0	0	0	0	0	0	0	0	0	0	0	0	0	0	0	0	0	0	0	0	0	0	0	0	0	0	0	0	0	0	0	0	0	0	0	0	0	0	0	0	0	0	0	0	0	0	0	0	0	0	0	0	0	0	0	0	0	0	0	0	0	0	0	0	0	0	0	0	0	0	0	0	0	0	0	0	0	0	19	40	36	81	46	50	83	39	19	91	18	91	37	63	48	92	88
0	0	0	0	0	0	0	0	0	0	0	0	0	0	0	0	0	0	0	0	0	0	0	0	0	0	0	0	0	0	0	0	0	0	0	0	0	0	0	0	0	0	0	0	0	0	0	0	0	0	0	0	0	0	0	0	0	0	0	0	0	0	0	0	0	0	0	0	0	0	0	0	0	0	0	0	0	0	0	0	0	0	0	0	0	0	0	0	0	0	0	0	0	0	0	0	0	0	0	0	0	0	0	0	0	0	0	0	0	0	0	0	0	0	0	0	0	0	0	0	0	0	0	0	0	0	0	0	0	0	0	0	0	0	0	0	0	0	0	0	0	0	0	0	0	0	0	0	0	0	0	0	0	0	0	0	0	0	0	0	0	0	0	0	0	0	0	0	0	0	0	0	0	0	0	0	0	0	0	0	0	0	0	0	49	51	52	39	77	5	52	22	29	17	75	77	81	82	2	21
0	0	0	0	0	0	0	0	0	0	0	0	0	0	0	0	0	0	0	0	0	0	0	0	0	0	0	0	0	0	0	0	0	0	0	0	0	0	0	0	0	0	0	0	0	0	0	0	0	0	0	0	0	0	0	0	0	0	0	0	0	0	0	0	0	0	0	0	0	0	0	0	0	0	0	0	0	0	0	0	0	0	0	0	0	0	0	0	0	0	0	0	0	0	0	0	0	0	0	0	0	0	0	0	0	0	0	0	0	0	0	0	0	0	0	0	0	0	0	0	0	0	0	0	0	0	0	0	0	0	0	0	0	0	0	0	0	0	0	0	0	0	0	0	0	0	0	0	0	0	0	0	0	0	0	0	0	0	0	0	0	0	0	0	0	0	0	0	0	0	0	0	0	0	0	0	0	0	0	0	0	0	0	0	0	97	61	76	64	35	83	12	67	34	84	8	1	11	39	100
0	0	0	0	0	0	0	0	0	0	0	0	0	0	0	0	0	0	0	0	0	0	0	0	0	0	0	0	0	0	0	0	0	0	0	0	0	0	0	0	0	0	0	0	0	0	0	0	0	0	0	0	0	0	0	0	0	0	0	0	0	0	0	0	0	0	0	0	0	0	0	0	0	0	0	0	0	0	0	0	0	0	0	0	0	0	0	0	0	0	0	0	0	0	0	0	0	0	0	0	0	0	0	0	0	0	0	0	0	0	0	0	0	0	0	0	0	0	0	0	0	0	0	0	0	0	0	0	0	0	0	0	0	0	0	0	0	0	0	0	0	0	0	0	0	0	0	0	0	0	0	0	0	0	0	0	0	0	0	0	0	0	0	0	0	0	0	0	0	0	0	0	0	0	0	0	0	0	0	0	0	0	0	0	0	0	8	22	7	28	100	9	75	43	48	49	84	99	40	82
0	0	0	0	0	0	0	0	0	0	0	0	0	0	0	0	0	0	0	0	0	0	0	0	0	0	0	0	0	0	0	0	0	0	0	0	0	0	0	0	0	0	0	0	0	0	0	0	0	0	0	0	0	0	0	0	0	0	0	0	0	0	0	0	0	0	0	0	0	0	0	0	0	0	0	0	0	0	0	0	0	0	0	0	0	0	0	0	0	0	0	0	0	0	0	0	0	0	0	0	0	0	0	0	0	0	0	0	0	0	0	0	0	0	0	0	0	0	0	0	0	0	0	0	0	0	0	0	0	0	0	0	0	0	0	0	0	0	0	0	0	0	0	0	0	0	0	0	0	0	0	0	0	0	0	0	0	0	0	0	0	0	0	0	0	0	0	0	0	0	0	0	0	0	0	0	0	0	0	0	0	0	0	0	0	0	0	59	90	69	54	70	43	68	86	59	29	37	69	20
0	0	0	0	0	0	0	0	0	0	0	0	0	0	0	0	0	0	0	0	0	0	0	0	0	0	0	0	0	0	0	0	0	0	0	0	0	0	0	0	0	0	0	0	0	0	0	0	0	0	0	0	0	0	0	0	0	0	0	0	0	0	0	0	0	0	0	0	0	0	0	0	0	0	0	0	0	0	0	0	0	0	0	0	0	0	0	0	0	0	0	0	0	0	0	0	0	0	0	0	0	0	0	0	0	0	0	0	0	0	0	0	0	0	0	0	0	0	0	0	0	0	0	0	0	0	0	0	0	0	0	0	0	0	0	0	0	0	0	0	0	0	0	0	0	0	0	0	0	0	0	0	0	0	0	0	0	0	0	0	0	0	0	0	0	0	0	0	0	0	0	0	0	0	0	0	0	0	0	0	0	0	0	0	0	0	0	0	32	36	50	27	22	47	13	66	50	12	77	28
0	0	0	0	0	0	0	0	0	0	0	0	0	0	0	0	0	0	0	0	0	0	0	0	0	0	0	0	0	0	0	0	0	0	0	0	0	0	0	0	0	0	0	0	0	0	0	0	0	0	0	0	0	0	0	0	0	0	0	0	0	0	0	0	0	0	0	0	0	0	0	0	0	0	0	0	0	0	0	0	0	0	0	0	0	0	0	0	0	0	0	0	0	0	0	0	0	0	0	0	0	0	0	0	0	0	0	0	0	0	0	0	0	0	0	0	0	0	0	0	0	0	0	0	0	0	0	0	0	0	0	0	0	0	0	0	0	0	0	0	0	0	0	0	0	0	0	0	0	0	0	0	0	0	0	0	0	0	0	0	0	0	0	0	0	0	0	0	0	0	0	0	0	0	0	0	0	0	0	0	0	0	0	0	0	0	0	0	0	57	7	57	10	77	31	9	28	35	97	68
0	0	0	0	0	0	0	0	0	0	0	0	0	0	0	0	0	0	0	0	0	0	0	0	0	0	0	0	0	0	0	0	0	0	0	0	0	0	0	0	0	0	0	0	0	0	0	0	0	0	0	0	0	0	0	0	0	0	0	0	0	0	0	0	0	0	0	0	0	0	0	0	0	0	0	0	0	0	0	0	0	0	0	0	0	0	0	0	0	0	0	0	0	0	0	0	0	0	0	0	0	0	0	0	0	0	0	0	0	0	0	0	0	0	0	0	0	0	0	0	0	0	0	0	0	0	0	0	0	0	0	0	0	0	0	0	0	0	0	0	0	0	0	0	0	0	0	0	0	0	0	0	0	0	0	0	0	0	0	0	0	0	0	0	0	0	0	0	0	0	0	0	0	0	0	0	0	0	0	0	0	0	0	0	0	0	0	0	0	0	59	48	37	96	25	24	21	11	93	16
0	0	0	0	0	0	0	0	0	0	0	0	0	0	0	0	0	0	0	0	0	0	0	0	0	0	0	0	0	0	0	0	0	0	0	0	0	0	0	0	0	0	0	0	0	0	0	0	0	0	0	0	0	0	0	0	0	0	0	0	0	0	0	0	0	0	0	0	0	0	0	0	0	0	0	0	0	0	0	0	0	0	0	0	0	0	0	0	0	0	0	0	0	0	0	0	0	0	0	0	0	0	0	0	0	0	0	0	0	0	0	0	0	0	0	0	0	0	0	0	0	0	0	0	0	0	0	0	0	0	0	0	0	0	0	0	0	0	0	0	0	0	0	0	0	0	0	0	0	0	0	0	0	0	0	0	0	0	0	0	0	0	0	0	0	0	0	0	0	0	0	0	0	0	0	0	0	0	0	0	0	0	0	0	0	0	0	0	0	0	0	14	89	17	63	37	31	79	56	12
0	0	0	0	0	0	0	0	0	0	0	0	0	0	0	0	0	0	0	0	0	0	0	0	0	0	0	0	0	0	0	0	0	0	0	0	0	0	0	0	0	0	0	0	0	0	0	0	0	0	0	0	0	0	0	0	0	0	0	0	0	0	0	0	0	0	0	0	0	0	0	0	0	0	0	0	0	0	0	0	0	0	0	0	0	0	0	0	0	0	0	0	0	0	0	0	0	0	0	0	0	0	0	0	0	0	0	0	0	0	0	0	0	0	0	0	0	0	0	0	0	0	0	0	0	0	0	0	0	0	0	0	0	0	0	0	0	0	0	0	0	0	0	0	0	0	0	0	0	0	0	0	0	0	0	0	0	0	0	0	0	0	0	0	0	0	0	0	0	0	0	0	0	0	0	0	0	0	0	0	0	0	0	0	0	0	0	0	0	0	0	0	18	99	58	33	88	31	24	63
0	0	0	0	0	0	0	0	0	0	0	0	0	0	0	0	0	0	0	0	0	0	0	0	0	0	0	0	0	0	0	0	0	0	0	0	0	0	0	0	0	0	0	0	0	0	0	0	0	0	0	0	0	0	0	0	0	0	0	0	0	0	0	0	0	0	0	0	0	0	0	0	0	0	0	0	0	0	0	0	0	0	0	0	0	0	0	0	0	0	0	0	0	0	0	0	0	0	0	0	0	0	0	0	0	0	0	0	0	0	0	0	0	0	0	0	0	0	0	0	0	0	0	0	0	0	0	0	0	0	0	0	0	0	0	0	0	0	0	0	0	0	0	0	0	0	0	0	0	0	0	0	0	0	0	0	0	0	0	0	0	0	0	0	0	0	0	0	0	0	0	0	0	0	0	0	0	0	0	0	0	0	0	0	0	0	0	0	0	0	0	0	0	73	36	64	82	34	85	19
0	0	0	0	0	0	0	0	0	0	0	0	0	0	0	0	0	0	0	0	0	0	0	0	0	0	0	0	0	0	0	0	0	0	0	0	0	0	0	0	0	0	0	0	0	0	0	0	0	0	0	0	0	0	0	0	0	0	0	0	0	0	0	0	0	0	0	0	0	0	0	0	0	0	0	0	0	0	0	0	0	0	0	0	0	0	0	0	0	0	0	0	0	0	0	0	0	0	0	0	0	0	0	0	0	0	0	0	0	0	0	0	0	0	0	0	0	0	0	0	0	0	0	0	0	0	0	0	0	0	0	0	0	0	0	0	0	0	0	0	0	0	0	0	0	0	0	0	0	0	0	0	0	0	0	0	0	0	0	0	0	0	0	0	0	0	0	0	0	0	0	0	0	0	0	0	0	0	0	0	0	0	0	0	0	0	0	0	0	0	0	0	0	0	44	18	63	93	59	41
0	0	0	0	0	0	0	0	0	0	0	0	0	0	0	0	0	0	0	0	0	0	0	0	0	0	0	0	0	0	0	0	0	0	0	0	0	0	0	0	0	0	0	0	0	0	0	0	0	0	0	0	0	0	0	0	0	0	0	0	0	0	0	0	0	0	0	0	0	0	0	0	0	0	0	0	0	0	0	0	0	0	0	0	0	0	0	0	0	0	0	0	0	0	0	0	0	0	0	0	0	0	0	0	0	0	0	0	0	0	0	0	0	0	0	0	0	0	0	0	0	0	0	0	0	0	0	0	0	0	0	0	0	0	0	0	0	0	0	0	0	0	0	0	0	0	0	0	0	0	0	0	0	0	0	0	0	0	0	0	0	0	0	0	0	0	0	0	0	0	0	0	0	0	0	0	0	0	0	0	0	0	0	0	0	0	0	0	0	0	0	0	0	0	0	28	19	13	68	13
0	0	0	0	0	0	0	0	0	0	0	0	0	0	0	0	0	0	0	0	0	0	0	0	0	0	0	0	0	0	0	0	0	0	0	0	0	0	0	0	0	0	0	0	0	0	0	0	0	0	0	0	0	0	0	0	0	0	0	0	0	0	0	0	0	0	0	0	0	0	0	0	0	0	0	0	0	0	0	0	0	0	0	0	0	0	0	0	0	0	0	0	0	0	0	0	0	0	0	0	0	0	0	0	0	0	0	0	0	0	0	0	0	0	0	0	0	0	0	0	0	0	0	0	0	0	0	0	0	0	0	0	0	0	0	0	0	0	0	0	0	0	0	0	0	0	0	0	0	0	0	0	0	0	0	0	0	0	0	0	0	0	0	0	0	0	0	0	0	0	0	0	0	0	0	0	0	0	0	0	0	0	0	0	0	0	0	0	0	0	0	0	0	0	0	0	33	19	7	42
0	0	0	0	0	0	0	0	0	0	0	0	0	0	0	0	0	0	0	0	0	0	0	0	0	0	0	0	0	0	0	0	0	0	0	0	0	0	0	0	0	0	0	0	0	0	0	0	0	0	0	0	0	0	0	0	0	0	0	0	0	0	0	0	0	0	0	0	0	0	0	0	0	0	0	0	0	0	0	0	0	0	0	0	0	0	0	0	0	0	0	0	0	0	0	0	0	0	0	0	0	0	0	0	0	0	0	0	0	0	0	0	0	0	0	0	0	0	0	0	0	0	0	0	0	0	0	0	0	0	0	0	0	0	0	0	0	0	0	0	0	0	0	0	0	0	0	0	0	0	0	0	0	0	0	0	0	0	0	0	0	0	0	0	0	0	0	0	0	0	0	0	0	0	0	0	0	0	0	0	0	0	0	0	0	0	0	0	0	0	0	0	0	0	0	0	0	66	7	97
0	0	0	0	0	0	0	0	0	0	0	0	0	0	0	0	0	0	0	0	0	0	0	0	0	0	0	0	0	0	0	0	0	0	0	0	0	0	0	0	0	0	0	0	0	0	0	0	0	0	0	0	0	0	0	0	0	0	0	0	0	0	0	0	0	0	0	0	0	0	0	0	0	0	0	0	0	0	0	0	0	0	0	0	0	0	0	0	0	0	0	0	0	0	0	0	0	0	0	0	0	0	0	0	0	0	0	0	0	0	0	0	0	0	0	0	0	0	0	0	0	0	0	0	0	0	0	0	0	0	0	0	0	0	0	0	0	0	0	0	0	0	0	0	0	0	0	0	0	0	0	0	0	0	0	0	0	0	0	0	0	0	0	0	0	0	0	0	0	0	0	0	0	0	0	0	0	0	0	0	0	0	0	0	0	0	0	0	0	0	0	0	0	0	0	0	0	0	41	34
0	0	0	0	0	0	0	0	0	0	0	0	0	0	0	0	0	0	0	0	0	0	0	0	0	0	0	0	0	0	0	0	0	0	0	0	0	0	0	0	0	0	0	0	0	0	0	0	0	0	0	0	0	0	0	0	0	0	0	0	0	0	0	0	0	0	0	0	0	0	0	0	0	0	0	0	0	0	0	0	0	0	0	0	0	0	0	0	0	0	0	0	0	0	0	0	0	0	0	0	0	0	0	0	0	0	0	0	0	0	0	0	0	0	0	0	0	0	0	0	0	0	0	0	0	0	0	0	0	0	0	0	0	0	0	0	0	0	0	0	0	0	0	0	0	0	0	0	0	0	0	0	0	0	0	0	0	0	0	0	0	0	0	0	0	0	0	0	0	0	0	0	0	0	0	0	0	0	0	0	0	0	0	0	0	0	0	0	0	0	0	0	0	0	0	0	0	0	0	28
0	0	0	0	0	0	0	0	0	0	0	0	0	0	0	0	0	0	0	0	0	0	0	0	0	0	0	0	0	0	0	0	0	0	0	0	0	0	0	0	0	0	0	0	0	0	0	0	0	0	0	0	0	0	0	0	0	0	0	0	0	0	0	0	0	0	0	0	0	0	0	0	0	0	0	0	0	0	0	0	0	0	0	0	0	0	0	0	0	0	0	0	0	0	0	0	0	0	0	0	0	0	0	0	0	0	0	0	0	0	0	0	0	0	0	0	0	0	0	0	0	0	0	0	0	0	0	0	0	0	0	0	0	0	0	0	0	0	0	0	0	0	0	0	0	0	0	0	0	0	0	0	0	0	0	0	0	0	0	0	0	0	0	0	0	0	0	0	0	0	0	0	0	0	0	0	0	0	0	0	0	0	0	0	0	0	0	0	0	0	0	0	0	0	0	0	0	0	0	0
