0	81	93	94	16	74	53	68	51	29	11	90	74	21	57	21	87	46	7	26	3	93	79	91	82	61	75	13	34	77	12	25	83	68	2	24	87	0	16	65	17	16	90	47	49	33	38	17	74	59	5	29	85	53	15	60	53	10	46	39	44	56	95	16	29	71	94	77	27	72	33	11	38	16	96	56	81	0	0	77	5	70	95	70	94	97	64	55	12	99	28	48	16	47	9	75	81	87	79	6
0	0	94	89	13	73	42	86	69	61	79	8	32	39	79	32	84	76	65	16	5	21	1	35	16	40	36	6	95	5	55	36	78	35	33	50	74	27	56	97	41	8	30	27	77	50	25	16	66	21	98	97	47	45	2	22	29	78	67	66	92	98	38	37	35	60	45	9	83	14	77	74	67	51	17	51	7	38	87	19	48	95	77	94	24	11	0	14	59	4	25	53	49	42	11	35	34	13	97	57
0	0	0	5	4	20	65	49	35	2	50	23	3	20	28	85	31	7	6	95	55	46	40	41	84	2	20	9	66	74	81	87	25	21	58	99	40	75	5	46	88	9	99	37	22	1	20	94	24	42	41	49	30	57	78	41	6	50	23	5	1	34	76	58	81	85	99	1	87	7	58	17	38	36	1	15	78	26	3	32	48	52	30	81	59	93	16	25	84	5	62	15	3	80	55	18	1	61	30	28
0	0	0	0	3	75	9	59	49	36	2	91	72	82	4	1	85	96	43	56	14	73	65	62	64	32	9	62	41	64	95	81	65	18	94	55	19	65	62	33	72	98	41	1	98	14	91	54	40	90	91	21	80	42	38	40	96	2	45	83	21	93	3	74	28	95	23	55	91	58	68	25	20	53	82	60	86	50	57	99	65	6	70	84	32	4	87	12	98	38	96	17	5	8	36	44	20	71	89	79
0	0	0	0	0	19	25	47	48	61	97	8	56	31	37	14	96	84	96	68	38	54	58	95	28	46	6	83	13	61	64	57	32	31	60	60	92	28	87	77	30	70	14	25	82	78	20	65	97	8	85	49	26	30	65	58	76	50	58	51	97	31	95	55	99	86	93	24	48	57	4	91	94	73	88	32	93	42	87	87	77	67	76	49	25	73	48	69	66	52	76	14	12	61	70	9	19	68	75	13
0	0	0	0	0	0	74	35	32	99	30	28	60	9	41	91	21	35	74	71	45	48	38	6	85	3	21	69	81	10	75	99	56	28	13	3	36	83	35	52	26	49	89	56	4	60	95	9	51	10	54	96	83	6	41	61	37	41	65	61	22	37	41	75	59	68	61	57	74	10	62	6	34	16	86	73	30	37	27	73	8	99	35	48	89	83	99	23	19	15	17	16	46	5	47	75	12	80	43	19
0	0	0	0	0	0	0	99	86	24	12	2	45	27	42	85	52	43	10	49	27	7	85	52	12	91	15	37	60	87	1	41	36	12	2	71	93	22	48	1	80	43	87	12	60	34	49	33	85	90	64	18	25	31	0	81	55	38	61	88	73	5	5	55	20	60	52	23	66	8	90	27	50	62	30	41	75	1	0	90	24	25	55	79	30	99	85	93	81	99	33	36	61	80	48	52	63	8	98	25
0	0	0	0	0	0	0	0	35	84	63	93	73	10	37	52	77	42	76	28	1	90	44	91	30	80	56	23	50	74	12	16	84	40	42	89	95	63	43	52	25	49	76	40	69	14	76	38	12	26	20	0	65	44	66	55	48	19	81	7	83	72	93	41	68	73	7	60	79	9	19	65	48	57	57	66	99	3	76	27	40	57	86	64	34	84	5	2	20	15	55	89	94	72	48	82	26	83	50	95
0	0	0	0	0	0	0	0	0	10	19	54	96	39	74	94	49	1	28	32	66	90	31	48	94	13	97	22	41	71	19	19	93	48	31	54	52	88	78	44	9	98	37	53	60	3	29	82	92	60	1	20	28	90	92	7	37	14	80	64	20	81	43	37	79	34	52	98	51	58	30	17	38	54	22	67	18	59	86	46	11	13	67	4	41	43	67	31	45	49	8	51	74	25	98	20	96	54	64	8
0	0	0	0	0	0	0	0	0	0	27	40	63	45	66	74	6	4	78	12	13	62	10	22	85	13	48	73	2	83	67	95	9	12	9	43	2	58	87	57	17	80	95	48	12	55	1	93	33	21	0	94	10	6	25	0	0	30	34	41	68	28	61	46	88	77	2	64	45	29	39	56	78	7	24	25	75	28	64	13	92	89	71	88	9	46	20	64	67	19	86	51	28	83	69	67	12	56	52	0
0	0	0	0	0	0	0	0	0	0	0	45	94	26	53	48	16	81	1	10	72	18	13	87	20	55	50	98	17	4	8	62	29	18	30	23	2	1	27	90	73	41	62	0	4	96	2	26	91	39	64	94	79	7	25	61	42	62	33	89	96	32	30	18	51	20	71	10	81	51	72	21	90	89	39	83	45	63	65	1	85	42	11	76	61	47	9	90	0	62	56	17	47	52	21	18	65	48	81	79
0	0	0	0	0	0	0	0	0	0	0	0	82	54	48	34	81	94	98	34	43	92	84	83	40	41	14	82	77	74	25	51	97	60	12	72	70	68	4	27	75	19	93	15	7	27	41	31	9	70	44	93	59	76	14	71	6	85	72	73	84	28	57	47	13	91	81	96	72	8	53	40	82	89	42	38	77	20	37	51	90	73	56	32	49	10	82	50	23	74	21	5	14	61	1	94	65	76	42	90
0	0	0	0	0	0	0	0	0	0	0	0	0	90	0	31	5	57	2	93	4	44	75	86	63	61	1	43	26	57	18	78	27	29	23	94	77	95	34	29	97	52	63	64	34	1	57	29	59	44	69	41	16	91	62	94	33	37	4	48	33	78	68	45	55	26	53	15	59	94	18	41	15	82	7	22	92	94	74	77	9	64	71	63	0	0	23	64	41	34	26	44	43	89	40	2	89	81	20	3
0	0	0	0	0	0	0	0	0	0	0	0	0	0	86	48	1	33	65	23	61	80	60	28	82	46	12	96	76	91	87	37	77	7	90	61	65	83	54	30	35	43	29	35	16	83	73	73	47	37	22	20	81	44	78	77	63	16	39	20	43	84	28	47	48	85	92	33	67	8	8	77	83	43	44	83	44	70	42	49	56	10	62	0	6	87	38	98	13	10	62	72	45	70	5	34	9	77	32	18
0	0	0	0	0	0	0	0	0	0	0	0	0	0	0	12	7	55	74	2	42	89	81	32	85	59	48	72	70	90	11	9	64	76	71	30	18	70	25	65	50	52	49	26	6	5	40	14	97	37	52	83	0	48	29	86	35	25	33	64	42	65	54	97	4	84	76	99	95	34	30	24	60	18	49	41	2	3	20	11	62	79	16	58	69	78	40	23	69	77	49	23	94	20	79	60	30	57	17	97
0	0	0	0	0	0	0	0	0	0	0	0	0	0	0	0	9	79	59	66	83	99	78	1	28	47	17	35	33	69	18	75	45	67	25	46	22	5	84	97	87	54	48	8	56	44	25	35	96	0	49	42	47	83	16	1	40	84	71	67	98	91	90	98	16	90	20	61	99	74	70	62	11	52	93	97	22	42	57	89	88	14	62	46	62	10	35	20	42	39	90	55	75	44	15	84	22	51	37	69
0	0	0	0	0	0	0	0	0	0	0	0	0	0	0	0	0	27	40	7	42	48	1	92	8	57	57	17	11	65	83	72	43	33	92	2	71	61	7	79	95	49	6	62	20	35	62	29	54	91	70	82	49	8	93	63	61	12	78	40	21	11	70	7	4	18	1	18	75	55	17	29	42	90	48	63	49	7	48	63	3	71	14	4	0	36	33	2	80	88	93	36	99	86	88	94	83	65	61	3
0	0	0	0	0	0	0	0	0	0	0	0	0	0	0	0	0	0	57	39	80	81	69	22	93	90	49	2	41	35	73	30	23	33	57	17	64	83	88	81	30	43	26	86	60	64	5	49	75	29	16	33	68	13	43	65	15	39	92	76	16	2	20	0	72	81	70	73	10	84	62	66	33	54	1	35	19	68	37	71	85	92	31	73	18	59	70	1	28	1	72	5	53	55	55	18	39	99	98	82
0	0	0	0	0	0	0	0	0	0	0	0	0	0	0	0	0	0	0	96	96	21	47	78	93	8	69	55	99	28	23	73	75	56	27	65	22	8	49	41	5	14	97	96	98	43	12	70	48	17	18	58	71	55	22	1	63	43	37	23	63	26	59	4	23	39	99	57	47	61	63	78	83	83	72	26	95	71	25	58	96	7	87	2	54	1	64	85	57	46	97	72	15	14	82	54	84	62	2	43
0	0	0	0	0	0	0	0	0	0	0	0	0	0	0	0	0	0	0	0	81	54	39	19	59	38	67	55	43	40	98	79	99	45	56	11	36	74	11	56	27	49	42	5	15	89	86	80	18	47	54	7	32	47	2	72	76	39	88	10	73	42	58	49	64	57	48	58	21	56	15	72	13	33	8	55	60	35	15	68	88	52	36	48	32	7	51	33	83	86	76	91	37	33	82	72	89	73	37	21
0	0	0	0	0	0	0	0	0	0	0	0	0	0	0	0	0	0	0	0	0	45	80	75	2	95	24	16	37	49	95	78	86	43	79	0	30	30	48	75	66	4	79	48	99	72	80	81	56	48	20	74	80	1	57	0	11	96	88	44	23	62	14	83	64	15	95	18	29	4	99	82	51	27	38	86	93	72	8	80	5	34	42	99	45	92	76	5	61	62	88	38	38	99	40	73	13	68	56	15
0	0	0	0	0	0	0	0	0	0	0	0	0	0	0	0	0	0	0	0	0	0	30	5	19	99	39	84	64	91	93	80	32	26	83	58	43	71	47	18	89	43	65	87	36	96	33	1	24	72	37	98	78	93	81	2	70	46	4	26	96	52	68	9	61	32	65	14	16	32	7	96	44	41	47	19	85	7	25	11	23	13	79	20	34	93	53	77	93	65	80	18	65	91	97	89	7	73	9	84
0	0	0	0	0	0	0	0	0	0	0	0	0	0	0	0	0	0	0	0	0	0	0	91	85	3	17	92	56	15	8	85	88	61	26	89	96	65	43	98	8	6	61	99	69	8	8	5	78	85	47	22	30	41	9	62	18	19	89	17	64	72	92	50	85	9	92	29	76	17	11	28	60	48	70	45	20	61	8	80	59	43	55	29	39	43	69	0	87	45	16	37	80	76	72	82	92	22	95	40
0	0	0	0	0	0	0	0	0	0	0	0	0	0	0	0	0	0	0	0	0	0	0	0	62	28	56	95	94	16	49	91	58	65	90	0	24	24	73	76	19	37	15	81	84	20	99	6	8	98	60	95	60	67	30	21	77	54	77	35	95	46	84	92	6	93	1	42	11	74	6	93	82	72	5	97	81	57	93	4	13	45	96	20	32	85	18	6	14	67	87	16	45	97	54	17	45	57	58	3
0	0	0	0	0	0	0	0	0	0	0	0	0	0	0	0	0	0	0	0	0	0	0	0	0	78	92	97	74	1	68	53	0	2	14	70	33	39	2	67	41	18	23	73	12	76	71	26	67	30	93	80	42	6	32	73	62	44	92	90	52	72	89	32	19	67	67	55	87	81	98	43	15	92	81	33	42	64	30	94	26	17	11	16	82	62	64	41	35	92	46	38	62	18	55	26	44	20	99	3
0	0	0	0	0	0	0	0	0	0	0	0	0	0	0	0	0	0	0	0	0	0	0	0	0	0	86	31	19	22	80	40	92	22	22	74	68	3	55	41	10	61	62	69	64	20	22	72	62	64	85	64	13	54	13	77	14	46	36	91	98	96	90	73	19	6	93	60	65	0	53	72	94	79	94	94	7	16	3	27	41	28	33	29	45	85	97	2	61	56	35	82	31	79	40	87	79	87	67	17
0	0	0	0	0	0	0	0	0	0	0	0	0	0	0	0	0	0	0	0	0	0	0	0	0	0	0	40	58	12	68	96	50	5	81	71	62	83	89	86	99	21	93	94	67	36	63	27	2	39	78	34	29	22	89	83	44	51	99	75	29	16	19	91	99	48	23	70	6	28	57	26	75	74	58	23	68	38	64	92	27	98	11	27	68	64	81	55	5	6	82	20	37	9	88	4	89	15	55	97
0	0	0	0	0	0	0	0	0	0	0	0	0	0	0	0	0	0	0	0	0	0	0	0	0	0	0	0	43	4	29	40	10	24	33	53	4	68	2	61	75	98	76	1	17	54	98	24	19	79	59	45	53	40	78	70	81	77	70	25	51	2	8	9	44	38	61	13	46	44	47	5	55	91	90	22	3	5	60	81	17	51	18	76	87	59	7	93	33	55	88	48	72	74	94	12	79	93	99	25
0	0	0	0	0	0	0	0	0	0	0	0	0	0	0	0	0	0	0	0	0	0	0	0	0	0	0	0	0	75	44	12	13	17	79	5	4	13	27	71	23	55	66	54	22	45	28	42	30	3	13	56	79	99	0	23	37	85	73	90	18	83	47	33	24	39	23	27	37	22	78	87	53	14	88	32	35	8	18	11	9	38	2	67	74	7	64	95	13	61	73	40	64	46	97	87	71	29	10	99
0	0	0	0	0	0	0	0	0	0	0	0	0	0	0	0	0	0	0	0	0	0	0	0	0	0	0	0	0	0	71	39	1	44	20	25	68	71	19	87	37	70	0	27	7	24	20	42	15	66	83	52	18	85	87	52	2	84	33	21	58	67	51	40	32	78	10	92	54	67	58	84	6	31	61	77	3	4	43	50	32	8	56	81	36	74	55	64	2	34	58	65	16	27	78	0	68	69	42	59
0	0	0	0	0	0	0	0	0	0	0	0	0	0	0	0	0	0	0	0	0	0	0	0	0	0	0	0	0	0	0	68	10	12	25	71	66	68	60	15	66	98	24	82	89	51	4	6	70	39	75	78	91	23	17	0	56	2	1	27	85	97	15	48	21	72	71	66	15	48	40	87	79	8	72	35	33	24	61	5	42	9	37	56	81	67	63	81	6	96	89	98	42	10	31	23	55	76	89	93
0	0	0	0	0	0	0	0	0	0	0	0	0	0	0	0	0	0	0	0	0	0	0	0	0	0	0	0	0	0	0	0	10	41	70	99	78	39	17	47	92	36	37	80	10	99	17	46	86	34	33	68	8	12	57	22	52	98	51	72	41	90	41	66	71	84	41	98	80	89	77	76	34	34	58	68	29	43	49	91	88	9	26	16	22	77	25	86	15	47	75	32	18	8	9	36	54	72	37	81
0	0	0	0	0	0	0	0	0	0	0	0	0	0	0	0	0	0	0	0	0	0	0	0	0	0	0	0	0	0	0	0	0	12	51	50	67	16	7	22	85	88	51	47	3	9	76	10	58	49	65	0	38	76	80	64	15	60	8	2	47	71	62	38	35	27	33	53	93	64	30	1	31	86	48	72	79	39	93	14	94	89	39	88	58	21	50	5	8	7	27	84	48	78	85	49	26	4	15	1
0	0	0	0	0	0	0	0	0	0	0	0	0	0	0	0	0	0	0	0	0	0	0	0	0	0	0	0	0	0	0	0	0	0	93	35	91	66	97	83	47	56	33	0	34	89	4	17	54	19	23	23	96	63	84	28	97	67	81	11	61	9	55	52	13	60	11	33	11	5	44	77	94	38	23	22	43	67	87	46	20	81	47	42	83	64	23	30	90	14	20	10	23	62	65	51	19	12	63	19
0	0	0	0	0	0	0	0	0	0	0	0	0	0	0	0	0	0	0	0	0	0	0	0	0	0	0	0	0	0	0	0	0	0	0	33	58	35	33	34	96	39	0	19	4	48	67	47	92	76	31	54	78	0	78	38	87	44	87	26	9	94	80	57	58	73	63	66	85	88	78	22	88	31	37	94	9	82	21	84	43	89	64	17	96	8	88	1	84	53	15	47	25	51	55	15	98	45	50	1
0	0	0	0	0	0	0	0	0	0	0	0	0	0	0	0	0	0	0	0	0	0	0	0	0	0	0	0	0	0	0	0	0	0	0	0	11	80	25	88	67	50	3	53	37	90	47	87	33	50	50	45	83	55	63	71	13	15	36	49	6	39	85	32	20	72	73	67	47	26	53	87	20	93	21	95	0	48	70	12	19	95	30	49	41	24	63	7	32	74	79	20	25	71	94	34	39	61	66	19
0	0	0	0	0	0	0	0	0	0	0	0	0	0	0	0	0	0	0	0	0	0	0	0	0	0	0	0	0	0	0	0	0	0	0	0	0	98	56	84	22	41	30	87	41	35	75	93	99	8	96	54	90	44	80	14	19	51	67	40	73	76	75	9	47	32	87	63	73	34	15	66	7	0	18	13	26	25	68	13	76	74	53	4	79	80	75	37	37	63	64	80	75	77	62	79	72	75	4	50
0	0	0	0	0	0	0	0	0	0	0	0	0	0	0	0	0	0	0	0	0	0	0	0	0	0	0	0	0	0	0	0	0	0	0	0	0	0	6	53	18	48	36	70	38	47	30	82	19	18	67	91	39	74	92	71	92	46	11	84	79	85	59	8	89	35	54	36	0	25	65	75	26	45	87	3	45	12	22	50	36	99	51	72	57	62	78	95	68	93	15	74	63	97	16	99	48	97	27	6
0	0	0	0	0	0	0	0	0	0	0	0	0	0	0	0	0	0	0	0	0	0	0	0	0	0	0	0	0	0	0	0	0	0	0	0	0	0	0	89	42	30	38	71	74	54	26	27	94	61	54	30	24	46	77	51	74	56	87	26	37	22	12	68	42	6	24	34	27	32	95	64	55	62	64	93	15	2	85	0	72	76	9	1	10	70	66	33	76	15	44	96	15	80	4	62	98	22	26	49
0	0	0	0	0	0	0	0	0	0	0	0	0	0	0	0	0	0	0	0	0	0	0	0	0	0	0	0	0	0	0	0	0	0	0	0	0	0	0	0	54	53	65	90	11	68	60	15	91	51	98	80	66	98	51	43	89	93	99	3	15	18	57	52	70	25	52	21	51	43	9	66	81	65	24	86	29	29	38	93	26	81	54	80	72	28	69	62	4	65	59	1	78	45	98	22	67	73	93	82
0	0	0	0	0	0	0	0	0	0	0	0	0	0	0	0	0	0	0	0	0	0	0	0	0	0	0	0	0	0	0	0	0	0	0	0	0	0	0	0	0	39	70	6	68	34	74	58	16	39	88	27	53	25	64	96	30	2	52	90	26	87	79	19	56	99	37	31	39	78	64	54	52	32	30	8	17	49	95	25	20	96	86	34	25	80	80	74	92	41	41	42	25	51	79	55	27	73	41	36
0	0	0	0	0	0	0	0	0	0	0	0	0	0	0	0	0	0	0	0	0	0	0	0	0	0	0	0	0	0	0	0	0	0	0	0	0	0	0	0	0	0	39	13	81	88	51	64	67	43	41	19	27	95	38	15	34	35	61	90	44	34	25	27	44	57	45	96	9	74	41	68	2	98	54	55	70	16	3	90	14	84	73	55	32	38	83	30	16	30	79	20	26	45	5	13	27	92	14	45
0	0	0	0	0	0	0	0	0	0	0	0	0	0	0	0	0	0	0	0	0	0	0	0	0	0	0	0	0	0	0	0	0	0	0	0	0	0	0	0	0	0	0	53	62	52	71	91	64	75	34	94	40	52	33	38	22	1	22	40	62	17	56	81	92	9	73	84	47	9	51	54	18	30	15	55	85	84	68	0	11	87	94	16	80	30	39	64	29	73	88	72	5	14	49	12	80	67	38	80
0	0	0	0	0	0	0	0	0	0	0	0	0	0	0	0	0	0	0	0	0	0	0	0	0	0	0	0	0	0	0	0	0	0	0	0	0	0	0	0	0	0	0	0	92	23	13	92	51	23	13	7	8	19	90	74	85	29	0	85	82	22	95	39	69	92	88	89	29	69	13	49	91	71	58	12	3	32	80	93	60	77	72	44	30	98	17	44	4	78	64	54	80	90	56	56	3	47	10	93
0	0	0	0	0	0	0	0	0	0	0	0	0	0	0	0	0	0	0	0	0	0	0	0	0	0	0	0	0	0	0	0	0	0	0	0	0	0	0	0	0	0	0	0	0	51	66	40	21	87	87	34	93	77	49	46	78	63	81	3	44	21	38	45	99	80	10	77	33	95	80	96	74	50	66	95	21	91	21	65	36	98	11	89	31	6	97	36	46	66	39	31	33	35	90	54	70	95	81	64
0	0	0	0	0	0	0	0	0	0	0	0	0	0	0	0	0	0	0	0	0	0	0	0	0	0	0	0	0	0	0	0	0	0	0	0	0	0	0	0	0	0	0	0	0	0	91	47	83	18	65	30	52	15	93	61	98	46	93	7	65	8	2	98	44	7	93	73	47	72	61	73	26	36	6	15	34	80	32	24	7	78	78	72	10	37	80	56	42	14	44	11	75	11	42	12	42	5	60	34
0	0	0	0	0	0	0	0	0	0	0	0	0	0	0	0	0	0	0	0	0	0	0	0	0	0	0	0	0	0	0	0	0	0	0	0	0	0	0	0	0	0	0	0	0	0	0	96	73	58	19	22	75	38	39	42	37	19	93	24	24	96	98	84	6	56	46	36	33	65	56	45	37	15	34	16	35	35	91	91	46	29	29	6	59	62	47	96	85	38	7	79	52	63	34	41	93	48	61	79
0	0	0	0	0	0	0	0	0	0	0	0	0	0	0	0	0	0	0	0	0	0	0	0	0	0	0	0	0	0	0	0	0	0	0	0	0	0	0	0	0	0	0	0	0	0	0	0	96	45	64	36	62	8	26	64	18	68	36	76	72	34	46	2	64	99	92	57	45	44	46	10	66	44	32	34	43	75	93	37	85	32	23	76	35	11	21	92	64	77	67	6	86	85	15	63	22	16	57	45
0	0	0	0	0	0	0	0	0	0	0	0	0	0	0	0	0	0	0	0	0	0	0	0	0	0	0	0	0	0	0	0	0	0	0	0	0	0	0	0	0	0	0	0	0	0	0	0	0	24	0	70	39	26	67	18	38	31	99	32	14	49	89	63	33	92	51	82	27	27	42	38	46	57	38	64	68	93	33	94	75	63	52	94	69	24	38	74	74	34	38	4	32	52	4	62	50	28	75	63
0	0	0	0	0	0	0	0	0	0	0	0	0	0	0	0	0	0	0	0	0	0	0	0	0	0	0	0	0	0	0	0	0	0	0	0	0	0	0	0	0	0	0	0	0	0	0	0	0	0	96	89	82	20	31	69	69	5	25	33	47	68	68	73	42	32	56	12	35	15	14	67	21	74	16	50	29	23	84	23	44	70	10	68	45	61	62	9	25	81	94	39	33	13	20	68	64	54	96	14
0	0	0	0	0	0	0	0	0	0	0	0	0	0	0	0	0	0	0	0	0	0	0	0	0	0	0	0	0	0	0	0	0	0	0	0	0	0	0	0	0	0	0	0	0	0	0	0	0	0	0	42	78	54	55	76	74	11	27	57	87	75	14	15	96	90	98	12	86	35	26	8	2	95	29	52	15	6	56	56	25	61	74	94	34	37	38	39	12	40	12	20	16	90	49	82	45	93	53	70
0	0	0	0	0	0	0	0	0	0	0	0	0	0	0	0	0	0	0	0	0	0	0	0	0	0	0	0	0	0	0	0	0	0	0	0	0	0	0	0	0	0	0	0	0	0	0	0	0	0	0	0	66	34	7	41	62	60	4	15	50	19	62	71	44	28	52	67	19	92	82	74	99	87	7	57	72	38	23	14	16	72	16	4	85	50	9	75	98	50	52	75	92	7	73	61	73	88	48	42
0	0	0	0	0	0	0	0	0	0	0	0	0	0	0	0	0	0	0	0	0	0	0	0	0	0	0	0	0	0	0	0	0	0	0	0	0	0	0	0	0	0	0	0	0	0	0	0	0	0	0	0	0	5	62	78	13	53	92	45	12	43	78	73	47	11	34	66	1	79	99	87	67	93	79	10	87	47	61	94	18	70	60	83	98	9	52	76	88	84	67	54	90	83	55	62	29	16	55	5
0	0	0	0	0	0	0	0	0	0	0	0	0	0	0	0	0	0	0	0	0	0	0	0	0	0	0	0	0	0	0	0	0	0	0	0	0	0	0	0	0	0	0	0	0	0	0	0	0	0	0	0	0	0	21	81	91	94	41	45	53	96	51	31	58	21	34	88	82	87	72	13	78	72	39	49	44	71	18	2	89	19	3	75	59	80	37	70	68	65	94	4	47	35	20	34	94	53	68	71
0	0	0	0	0	0	0	0	0	0	0	0	0	0	0	0	0	0	0	0	0	0	0	0	0	0	0	0	0	0	0	0	0	0	0	0	0	0	0	0	0	0	0	0	0	0	0	0	0	0	0	0	0	0	0	94	17	27	28	67	84	41	27	32	78	16	3	67	79	63	42	26	83	96	82	71	25	16	71	73	60	81	90	76	51	34	74	70	85	71	39	25	61	64	36	50	17	41	34	35
0	0	0	0	0	0	0	0	0	0	0	0	0	0	0	0	0	0	0	0	0	0	0	0	0	0	0	0	0	0	0	0	0	0	0	0	0	0	0	0	0	0	0	0	0	0	0	0	0	0	0	0	0	0	0	0	59	92	4	84	18	31	38	15	85	60	6	83	45	59	10	53	62	3	43	75	84	65	72	37	53	70	50	85	22	68	32	94	99	53	8	10	4	5	21	81	2	21	40	82
0	0	0	0	0	0	0	0	0	0	0	0	0	0	0	0	0	0	0	0	0	0	0	0	0	0	0	0	0	0	0	0	0	0	0	0	0	0	0	0	0	0	0	0	0	0	0	0	0	0	0	0	0	0	0	0	0	24	97	46	9	10	54	92	34	56	16	46	58	60	72	74	15	59	14	76	15	41	48	91	82	51	74	23	45	51	85	31	60	99	7	99	43	92	12	2	66	46	93	9
0	0	0	0	0	0	0	0	0	0	0	0	0	0	0	0	0	0	0	0	0	0	0	0	0	0	0	0	0	0	0	0	0	0	0	0	0	0	0	0	0	0	0	0	0	0	0	0	0	0	0	0	0	0	0	0	0	0	26	69	78	55	60	66	30	94	68	60	51	21	50	54	43	32	90	81	11	89	87	20	46	63	4	80	26	48	71	95	15	54	45	49	73	7	42	29	53	19	54	46
0	0	0	0	0	0	0	0	0	0	0	0	0	0	0	0	0	0	0	0	0	0	0	0	0	0	0	0	0	0	0	0	0	0	0	0	0	0	0	0	0	0	0	0	0	0	0	0	0	0	0	0	0	0	0	0	0	0	0	19	41	21	37	71	61	77	4	90	55	34	53	9	21	80	97	30	28	13	73	90	43	33	79	63	84	86	2	66	54	12	23	36	25	91	48	63	57	46	55	60
0	0	0	0	0	0	0	0	0	0	0	0	0	0	0	0	0	0	0	0	0	0	0	0	0	0	0	0	0	0	0	0	0	0	0	0	0	0	0	0	0	0	0	0	0	0	0	0	0	0	0	0	0	0	0	0	0	0	0	0	56	5	84	1	62	78	92	49	32	32	6	59	63	52	16	0	87	25	87	17	39	27	88	62	75	49	95	6	80	73	90	59	10	28	52	25	20	7	40	39
0	0	0	0	0	0	0	0	0	0	0	0	0	0	0	0	0	0	0	0	0	0	0	0	0	0	0	0	0	0	0	0	0	0	0	0	0	0	0	0	0	0	0	0	0	0	0	0	0	0	0	0	0	0	0	0	0	0	0	0	0	61	44	84	81	3	71	59	58	52	82	47	15	62	51	29	37	52	49	54	36	43	1	66	68	7	84	60	57	10	62	82	68	75	2	9	49	41	57	13
0	0	0	0	0	0	0	0	0	0	0	0	0	0	0	0	0	0	0	0	0	0	0	0	0	0	0	0	0	0	0	0	0	0	0	0	0	0	0	0	0	0	0	0	0	0	0	0	0	0	0	0	0	0	0	0	0	0	0	0	0	0	44	99	73	61	47	88	43	1	33	79	21	61	22	69	42	95	28	80	39	38	74	8	60	2	83	13	60	47	26	80	3	21	22	27	86	43	5	84
0	0	0	0	0	0	0	0	0	0	0	0	0	0	0	0	0	0	0	0	0	0	0	0	0	0	0	0	0	0	0	0	0	0	0	0	0	0	0	0	0	0	0	0	0	0	0	0	0	0	0	0	0	0	0	0	0	0	0	0	0	0	0	64	41	54	38	55	68	11	82	42	20	29	73	83	65	19	67	13	91	22	69	76	40	21	20	29	28	11	57	25	36	86	94	34	52	51	83	9
0	0	0	0	0	0	0	0	0	0	0	0	0	0	0	0	0	0	0	0	0	0	0	0	0	0	0	0	0	0	0	0	0	0	0	0	0	0	0	0	0	0	0	0	0	0	0	0	0	0	0	0	0	0	0	0	0	0	0	0	0	0	0	0	39	84	98	58	94	68	85	19	89	89	69	61	89	0	49	53	43	36	89	10	42	1	85	79	64	22	22	12	66	14	99	7	11	96	26	29
0	0	0	0	0	0	0	0	0	0	0	0	0	0	0	0	0	0	0	0	0	0	0	0	0	0	0	0	0	0	0	0	0	0	0	0	0	0	0	0	0	0	0	0	0	0	0	0	0	0	0	0	0	0	0	0	0	0	0	0	0	0	0	0	0	20	93	62	27	25	31	93	59	85	4	42	11	71	46	64	55	74	34	19	58	70	55	25	63	65	85	38	91	94	68	29	81	23	11	58
0	0	0	0	0	0	0	0	0	0	0	0	0	0	0	0	0	0	0	0	0	0	0	0	0	0	0	0	0	0	0	0	0	0	0	0	0	0	0	0	0	0	0	0	0	0	0	0	0	0	0	0	0	0	0	0	0	0	0	0	0	0	0	0	0	0	31	43	85	80	48	18	56	64	27	98	52	88	39	0	59	27	0	20	91	34	75	86	66	76	34	81	3	51	19	6	68	18	15	70
0	0	0	0	0	0	0	0	0	0	0	0	0	0	0	0	0	0	0	0	0	0	0	0	0	0	0	0	0	0	0	0	0	0	0	0	0	0	0	0	0	0	0	0	0	0	0	0	0	0	0	0	0	0	0	0	0	0	0	0	0	0	0	0	0	0	0	76	84	43	49	82	10	71	95	81	94	44	25	64	44	64	65	98	65	39	8	75	68	97	8	53	93	43	86	7	57	12	54	43
0	0	0	0	0	0	0	0	0	0	0	0	0	0	0	0	0	0	0	0	0	0	0	0	0	0	0	0	0	0	0	0	0	0	0	0	0	0	0	0	0	0	0	0	0	0	0	0	0	0	0	0	0	0	0	0	0	0	0	0	0	0	0	0	0	0	0	0	32	1	46	3	41	37	62	34	8	0	85	10	51	22	93	23	55	48	97	5	27	82	68	91	5	16	14	67	61	44	35	39
0	0	0	0	0	0	0	0	0	0	0	0	0	0	0	0	0	0	0	0	0	0	0	0	0	0	0	0	0	0	0	0	0	0	0	0	0	0	0	0	0	0	0	0	0	0	0	0	0	0	0	0	0	0	0	0	0	0	0	0	0	0	0	0	0	0	0	0	0	44	58	16	83	25	4	74	45	24	35	39	99	40	38	44	18	59	2	81	40	81	15	63	44	33	11	7	10	52	21	57
0	0	0	0	0	0	0	0	0	0	0	0	0	0	0	0	0	0	0	0	0	0	0	0	0	0	0	0	0	0	0	0	0	0	0	0	0	0	0	0	0	0	0	0	0	0	0	0	0	0	0	0	0	0	0	0	0	0	0	0	0	0	0	0	0	0	0	0	0	0	47	32	50	72	46	58	96	17	53	98	42	7	7	43	60	30	24	57	64	5	4	58	47	34	96	93	68	88	22	63
0	0	0	0	0	0	0	0	0	0	0	0	0	0	0	0	0	0	0	0	0	0	0	0	0	0	0	0	0	0	0	0	0	0	0	0	0	0	0	0	0	0	0	0	0	0	0	0	0	0	0	0	0	0	0	0	0	0	0	0	0	0	0	0	0	0	0	0	0	0	0	50	28	80	97	96	29	44	48	73	94	99	12	21	11	44	47	89	7	16	9	11	44	89	29	78	70	72	11	34
0	0	0	0	0	0	0	0	0	0	0	0	0	0	0	0	0	0	0	0	0	0	0	0	0	0	0	0	0	0	0	0	0	0	0	0	0	0	0	0	0	0	0	0	0	0	0	0	0	0	0	0	0	0	0	0	0	0	0	0	0	0	0	0	0	0	0	0	0	0	0	0	22	20	26	3	88	41	58	17	51	13	18	23	93	14	76	68	76	17	25	68	87	63	56	3	63	55	88	29
0	0	0	0	0	0	0	0	0	0	0	0	0	0	0	0	0	0	0	0	0	0	0	0	0	0	0	0	0	0	0	0	0	0	0	0	0	0	0	0	0	0	0	0	0	0	0	0	0	0	0	0	0	0	0	0	0	0	0	0	0	0	0	0	0	0	0	0	0	0	0	0	0	69	3	89	2	73	8	69	48	73	70	36	20	16	65	30	42	82	83	73	82	20	30	97	36	90	92	41
0	0	0	0	0	0	0	0	0	0	0	0	0	0	0	0	0	0	0	0	0	0	0	0	0	0	0	0	0	0	0	0	0	0	0	0	0	0	0	0	0	0	0	0	0	0	0	0	0	0	0	0	0	0	0	0	0	0	0	0	0	0	0	0	0	0	0	0	0	0	0	0	0	0	55	70	98	9	74	68	6	11	31	92	51	35	74	19	48	17	62	77	56	29	39	41	77	59	0	43
0	0	0	0	0	0	0	0	0	0	0	0	0	0	0	0	0	0	0	0	0	0	0	0	0	0	0	0	0	0	0	0	0	0	0	0	0	0	0	0	0	0	0	0	0	0	0	0	0	0	0	0	0	0	0	0	0	0	0	0	0	0	0	0	0	0	0	0	0	0	0	0	0	0	0	90	71	15	52	15	20	40	76	21	93	55	68	84	67	87	87	39	53	99	86	42	59	87	65	29
0	0	0	0	0	0	0	0	0	0	0	0	0	0	0	0	0	0	0	0	0	0	0	0	0	0	0	0	0	0	0	0	0	0	0	0	0	0	0	0	0	0	0	0	0	0	0	0	0	0	0	0	0	0	0	0	0	0	0	0	0	0	0	0	0	0	0	0	0	0	0	0	0	0	0	0	54	49	46	32	55	34	28	94	43	9	77	13	82	21	97	46	43	19	43	78	35	79	27	36
0	0	0	0	0	0	0	0	0	0	0	0	0	0	0	0	0	0	0	0	0	0	0	0	0	0	0	0	0	0	0	0	0	0	0	0	0	0	0	0	0	0	0	0	0	0	0	0	0	0	0	0	0	0	0	0	0	0	0	0	0	0	0	0	0	0	0	0	0	0	0	0	0	0	0	0	0	31	9	22	52	89	86	9	94	64	32	21	45	88	3	96	35	88	20	73	93	66	40	62
0	0	0	0	0	0	0	0	0	0	0	0	0	0	0	0	0	0	0	0	0	0	0	0	0	0	0	0	0	0	0	0	0	0	0	0	0	0	0	0	0	0	0	0	0	0	0	0	0	0	0	0	0	0	0	0	0	0	0	0	0	0	0	0	0	0	0	0	0	0	0	0	0	0	0	0	0	0	71	13	98	27	59	74	2	56	8	1	83	51	3	96	36	72	97	38	56	14	95	26
0	0	0	0	0	0	0	0	0	0	0	0	0	0	0	0	0	0	0	0	0	0	0	0	0	0	0	0	0	0	0	0	0	0	0	0	0	0	0	0	0	0	0	0	0	0	0	0	0	0	0	0	0	0	0	0	0	0	0	0	0	0	0	0	0	0	0	0	0	0	0	0	0	0	0	0	0	0	0	40	75	15	23	9	49	84	96	71	59	10	49	96	87	59	80	58	21	26	94	1
0	0	0	0	0	0	0	0	0	0	0	0	0	0	0	0	0	0	0	0	0	0	0	0	0	0	0	0	0	0	0	0	0	0	0	0	0	0	0	0	0	0	0	0	0	0	0	0	0	0	0	0	0	0	0	0	0	0	0	0	0	0	0	0	0	0	0	0	0	0	0	0	0	0	0	0	0	0	0	0	14	38	7	57	84	35	5	73	9	14	69	80	35	35	44	93	47	17	0	22
0	0	0	0	0	0	0	0	0	0	0	0	0	0	0	0	0	0	0	0	0	0	0	0	0	0	0	0	0	0	0	0	0	0	0	0	0	0	0	0	0	0	0	0	0	0	0	0	0	0	0	0	0	0	0	0	0	0	0	0	0	0	0	0	0	0	0	0	0	0	0	0	0	0	0	0	0	0	0	0	0	39	89	8	21	54	55	90	72	47	65	4	35	69	6	10	48	1	96	13
0	0	0	0	0	0	0	0	0	0	0	0	0	0	0	0	0	0	0	0	0	0	0	0	0	0	0	0	0	0	0	0	0	0	0	0	0	0	0	0	0	0	0	0	0	0	0	0	0	0	0	0	0	0	0	0	0	0	0	0	0	0	0	0	0	0	0	0	0	0	0	0	0	0	0	0	0	0	0	0	0	0	91	94	59	26	32	7	23	75	95	68	92	47	82	67	85	58	38	98
0	0	0	0	0	0	0	0	0	0	0	0	0	0	0	0	0	0	0	0	0	0	0	0	0	0	0	0	0	0	0	0	0	0	0	0	0	0	0	0	0	0	0	0	0	0	0	0	0	0	0	0	0	0	0	0	0	0	0	0	0	0	0	0	0	0	0	0	0	0	0	0	0	0	0	0	0	0	0	0	0	0	0	18	55	15	9	71	37	26	93	98	17	46	20	5	94	75	53	42
0	0	0	0	0	0	0	0	0	0	0	0	0	0	0	0	0	0	0	0	0	0	0	0	0	0	0	0	0	0	0	0	0	0	0	0	0	0	0	0	0	0	0	0	0	0	0	0	0	0	0	0	0	0	0	0	0	0	0	0	0	0	0	0	0	0	0	0	0	0	0	0	0	0	0	0	0	0	0	0	0	0	0	0	92	80	41	95	75	43	16	30	28	83	62	82	50	89	17	41
0	0	0	0	0	0	0	0	0	0	0	0	0	0	0	0	0	0	0	0	0	0	0	0	0	0	0	0	0	0	0	0	0	0	0	0	0	0	0	0	0	0	0	0	0	0	0	0	0	0	0	0	0	0	0	0	0	0	0	0	0	0	0	0	0	0	0	0	0	0	0	0	0	0	0	0	0	0	0	0	0	0	0	0	0	23	5	31	30	58	92	54	35	65	55	96	80	39	95	51
0	0	0	0	0	0	0	0	0	0	0	0	0	0	0	0	0	0	0	0	0	0	0	0	0	0	0	0	0	0	0	0	0	0	0	0	0	0	0	0	0	0	0	0	0	0	0	0	0	0	0	0	0	0	0	0	0	0	0	0	0	0	0	0	0	0	0	0	0	0	0	0	0	0	0	0	0	0	0	0	0	0	0	0	0	0	5	79	3	13	15	81	61	96	11	47	65	57	4	93
0	0	0	0	0	0	0	0	0	0	0	0	0	0	0	0	0	0	0	0	0	0	0	0	0	0	0	0	0	0	0	0	0	0	0	0	0	0	0	0	0	0	0	0	0	0	0	0	0	0	0	0	0	0	0	0	0	0	0	0	0	0	0	0	0	0	0	0	0	0	0	0	0	0	0	0	0	0	0	0	0	0	0	0	0	0	0	12	69	71	78	99	19	88	10	23	25	0	53	66
0	0	0	0	0	0	0	0	0	0	0	0	0	0	0	0	0	0	0	0	0	0	0	0	0	0	0	0	0	0	0	0	0	0	0	0	0	0	0	0	0	0	0	0	0	0	0	0	0	0	0	0	0	0	0	0	0	0	0	0	0	0	0	0	0	0	0	0	0	0	0	0	0	0	0	0	0	0	0	0	0	0	0	0	0	0	0	0	94	25	93	65	62	15	84	7	68	67	5	5
0	0	0	0	0	0	0	0	0	0	0	0	0	0	0	0	0	0	0	0	0	0	0	0	0	0	0	0	0	0	0	0	0	0	0	0	0	0	0	0	0	0	0	0	0	0	0	0	0	0	0	0	0	0	0	0	0	0	0	0	0	0	0	0	0	0	0	0	0	0	0	0	0	0	0	0	0	0	0	0	0	0	0	0	0	0	0	0	0	98	37	17	31	75	83	95	70	5	64	41
0	0	0	0	0	0	0	0	0	0	0	0	0	0	0	0	0	0	0	0	0	0	0	0	0	0	0	0	0	0	0	0	0	0	0	0	0	0	0	0	0	0	0	0	0	0	0	0	0	0	0	0	0	0	0	0	0	0	0	0	0	0	0	0	0	0	0	0	0	0	0	0	0	0	0	0	0	0	0	0	0	0	0	0	0	0	0	0	0	0	52	2	91	87	6	72	9	37	20	70
0	0	0	0	0	0	0	0	0	0	0	0	0	0	0	0	0	0	0	0	0	0	0	0	0	0	0	0	0	0	0	0	0	0	0	0	0	0	0	0	0	0	0	0	0	0	0	0	0	0	0	0	0	0	0	0	0	0	0	0	0	0	0	0	0	0	0	0	0	0	0	0	0	0	0	0	0	0	0	0	0	0	0	0	0	0	0	0	0	0	0	2	64	68	27	1	66	41	18	90
0	0	0	0	0	0	0	0	0	0	0	0	0	0	0	0	0	0	0	0	0	0	0	0	0	0	0	0	0	0	0	0	0	0	0	0	0	0	0	0	0	0	0	0	0	0	0	0	0	0	0	0	0	0	0	0	0	0	0	0	0	0	0	0	0	0	0	0	0	0	0	0	0	0	0	0	0	0	0	0	0	0	0	0	0	0	0	0	0	0	0	0	43	47	7	6	49	70	49	83
0	0	0	0	0	0	0	0	0	0	0	0	0	0	0	0	0	0	0	0	0	0	0	0	0	0	0	0	0	0	0	0	0	0	0	0	0	0	0	0	0	0	0	0	0	0	0	0	0	0	0	0	0	0	0	0	0	0	0	0	0	0	0	0	0	0	0	0	0	0	0	0	0	0	0	0	0	0	0	0	0	0	0	0	0	0	0	0	0	0	0	0	0	80	63	57	9	27	38	99
0	0	0	0	0	0	0	0	0	0	0	0	0	0	0	0	0	0	0	0	0	0	0	0	0	0	0	0	0	0	0	0	0	0	0	0	0	0	0	0	0	0	0	0	0	0	0	0	0	0	0	0	0	0	0	0	0	0	0	0	0	0	0	0	0	0	0	0	0	0	0	0	0	0	0	0	0	0	0	0	0	0	0	0	0	0	0	0	0	0	0	0	0	0	20	27	37	88	11	49
0	0	0	0	0	0	0	0	0	0	0	0	0	0	0	0	0	0	0	0	0	0	0	0	0	0	0	0	0	0	0	0	0	0	0	0	0	0	0	0	0	0	0	0	0	0	0	0	0	0	0	0	0	0	0	0	0	0	0	0	0	0	0	0	0	0	0	0	0	0	0	0	0	0	0	0	0	0	0	0	0	0	0	0	0	0	0	0	0	0	0	0	0	0	0	37	91	90	56	24
0	0	0	0	0	0	0	0	0	0	0	0	0	0	0	0	0	0	0	0	0	0	0	0	0	0	0	0	0	0	0	0	0	0	0	0	0	0	0	0	0	0	0	0	0	0	0	0	0	0	0	0	0	0	0	0	0	0	0	0	0	0	0	0	0	0	0	0	0	0	0	0	0	0	0	0	0	0	0	0	0	0	0	0	0	0	0	0	0	0	0	0	0	0	0	0	26	45	53	0
0	0	0	0	0	0	0	0	0	0	0	0	0	0	0	0	0	0	0	0	0	0	0	0	0	0	0	0	0	0	0	0	0	0	0	0	0	0	0	0	0	0	0	0	0	0	0	0	0	0	0	0	0	0	0	0	0	0	0	0	0	0	0	0	0	0	0	0	0	0	0	0	0	0	0	0	0	0	0	0	0	0	0	0	0	0	0	0	0	0	0	0	0	0	0	0	0	2	42	63
0	0	0	0	0	0	0	0	0	0	0	0	0	0	0	0	0	0	0	0	0	0	0	0	0	0	0	0	0	0	0	0	0	0	0	0	0	0	0	0	0	0	0	0	0	0	0	0	0	0	0	0	0	0	0	0	0	0	0	0	0	0	0	0	0	0	0	0	0	0	0	0	0	0	0	0	0	0	0	0	0	0	0	0	0	0	0	0	0	0	0	0	0	0	0	0	0	0	12	56
0	0	0	0	0	0	0	0	0	0	0	0	0	0	0	0	0	0	0	0	0	0	0	0	0	0	0	0	0	0	0	0	0	0	0	0	0	0	0	0	0	0	0	0	0	0	0	0	0	0	0	0	0	0	0	0	0	0	0	0	0	0	0	0	0	0	0	0	0	0	0	0	0	0	0	0	0	0	0	0	0	0	0	0	0	0	0	0	0	0	0	0	0	0	0	0	0	0	0	42
0	0	0	0	0	0	0	0	0	0	0	0	0	0	0	0	0	0	0	0	0	0	0	0	0	0	0	0	0	0	0	0	0	0	0	0	0	0	0	0	0	0	0	0	0	0	0	0	0	0	0	0	0	0	0	0	0	0	0	0	0	0	0	0	0	0	0	0	0	0	0	0	0	0	0	0	0	0	0	0	0	0	0	0	0	0	0	0	0	0	0	0	0	0	0	0	0	0	0	0
