0	18	47	92	91	41	5	68	43	54	6	27	16	1	86	21	55	80	73	1	2	0	92	26	54	35	8	11	55	22	51	95	72	2	91	27	83	59	57	54	76	53	47	96	91	0	27	0	4	84	16	91	19	19	90	13	73	93	6	23	2	58	68	32	25	10	18	50	75	59	46	44	19	9	75	33	15	82	17	80	4	77	79	11	59	72	87	63	29	47	73	42	13	82	96	56	45	2	82	4	7	15	43	7	65	6	2	51	25	53	28	70	99	90	70	41	77	9	21	92	62	1	65	40	54	86	91	48	38	32	61	39	23	89	92	62	74	5	12	94	23	99	89	44	31	81	57	37	85	9	94	30	3	74	54	49	55	70	2	91	68	69	53	65	64	16	34	89	73	1	33	25	11	6	3	64	54	66	95	70	27	19	86	67	93	10	95	56	39	42	72	97	85	83	63	98	8	64	88	77
0	0	87	23	48	50	28	72	2	77	4	98	30	97	87	45	68	31	76	75	78	82	54	86	58	14	3	26	11	92	81	32	39	61	27	98	7	91	66	12	75	28	35	24	12	34	61	70	88	76	47	54	98	96	60	10	23	87	78	65	41	45	62	30	46	57	31	39	5	1	41	89	85	60	89	1	51	45	2	38	55	72	79	70	6	43	57	74	24	19	72	41	33	70	59	97	81	81	88	26	17	28	85	53	45	21	58	81	61	6	29	24	44	14	80	48	36	82	81	82	56	98	55	49	30	79	37	89	41	10	41	6	16	55	3	91	6	11	55	67	7	44	82	94	4	94	1	51	58	71	85	75	55	49	63	6	22	64	58	18	74	91	56	67	27	19	42	11	32	19	36	39	45	56	9	23	34	29	19	44	5	28	44	19	38	6	37	51	31	21	28	4	30	72	66	46	68	32	13	60
0	0	0	96	80	85	90	43	94	70	99	54	46	66	58	29	14	85	3	36	48	69	65	7	45	54	79	51	54	46	23	88	26	22	32	70	46	1	28	77	38	13	74	9	57	85	67	22	64	10	88	61	36	71	80	80	93	8	14	65	99	5	9	35	81	0	30	24	94	45	56	83	79	23	64	62	2	81	99	88	41	15	40	82	12	10	62	23	45	6	76	99	10	67	13	68	0	56	38	77	86	25	11	92	42	90	97	62	34	6	7	55	12	74	0	66	66	15	86	21	36	80	26	89	32	44	94	1	16	16	64	50	24	72	20	78	23	0	93	12	68	83	18	54	30	16	69	94	97	98	66	32	64	34	97	44	99	23	57	45	21	30	48	25	56	75	80	72	58	48	4	8	20	9	17	87	67	62	69	81	6	98	42	41	75	85	49	83	25	4	77	75	51	48	78	69	12	69	2	57
0	0	0	0	15	14	42	79	11	11	88	97	15	15	94	32	63	36	31	27	50	72	74	6	33	69	63	53	6	72	74	83	74	43	67	22	5	35	12	88	24	71	90	39	17	31	70	86	79	95	13	80	33	78	56	74	24	64	10	21	17	41	88	94	49	25	54	48	81	1	16	52	99	95	48	14	94	34	63	7	46	64	91	35	27	5	95	79	92	34	27	1	61	19	16	63	22	51	96	37	59	38	91	66	56	27	77	39	90	88	32	16	69	55	98	95	45	13	95	63	72	90	73	15	66	19	22	29	36	24	24	2	95	41	5	30	52	36	73	68	1	14	52	64	79	28	57	94	44	4	37	89	84	1	97	56	12	59	82	84	87	37	19	39	68	89	23	9	90	98	34	78	94	14	69	0	32	46	45	74	45	39	83	10	17	59	51	96	18	81	88	17	43	89	41	40	67	45	3	74
0	0	0	0	0	6	17	37	41	91	46	18	11	96	94	25	17	91	91	86	68	54	59	50	75	89	72	65	3	89	29	5	68	9	38	54	22	73	76	73	9	2	61	90	45	16	59	62	37	44	19	39	30	35	82	58	41	41	16	55	99	35	29	59	57	31	17	25	60	42	28	63	33	80	71	51	75	67	46	59	19	18	43	4	73	69	60	76	61	30	5	71	96	8	33	36	18	12	31	38	84	13	24	86	63	8	44	16	96	45	87	97	35	51	43	43	12	70	4	40	97	16	63	2	26	57	48	72	86	14	62	38	75	22	81	48	62	68	85	9	92	87	41	71	41	15	43	38	88	8	35	85	84	86	87	90	14	32	6	34	18	2	8	62	65	30	87	61	45	42	28	6	1	76	49	86	9	68	76	6	88	31	96	72	81	1	47	72	47	88	17	79	79	40	60	16	40	0	25	2
0	0	0	0	0	0	18	43	71	94	64	80	11	69	95	76	44	84	76	77	37	64	45	1	73	89	42	9	31	22	67	4	66	10	90	56	69	86	55	39	81	7	83	39	87	57	74	48	97	3	17	52	76	34	41	58	24	95	6	4	13	20	99	82	63	98	23	22	28	38	45	82	22	4	1	62	48	74	80	92	54	42	46	11	29	61	39	51	92	4	23	23	66	80	83	45	73	74	34	67	65	46	64	95	82	49	91	32	22	91	3	60	11	63	40	19	81	98	68	9	77	22	86	1	63	75	27	86	86	1	47	66	14	41	28	31	45	46	12	77	87	92	93	35	24	96	86	14	0	60	32	36	64	71	10	19	84	36	59	45	1	34	51	0	19	43	21	58	15	71	44	42	33	62	76	63	82	79	40	2	66	8	91	80	55	13	96	35	8	64	27	97	34	63	69	23	34	37	91	80
0	0	0	0	0	0	0	17	8	76	82	56	53	65	42	59	51	3	3	82	49	96	49	8	86	47	0	60	90	50	40	25	3	1	13	77	71	38	96	2	45	59	45	70	28	48	1	57	71	14	11	97	52	65	22	86	60	87	22	20	79	70	16	70	37	24	5	61	24	9	23	62	47	46	47	53	52	9	7	27	81	78	0	78	68	81	48	61	57	93	33	27	83	85	2	81	15	58	40	17	9	86	25	1	20	20	17	69	32	80	13	25	76	58	97	23	22	91	47	25	88	9	50	46	13	89	42	59	56	74	5	98	29	35	46	31	81	9	82	4	73	25	52	47	88	39	19	25	98	1	43	46	40	49	72	41	89	96	83	87	8	44	52	32	29	98	2	77	26	18	2	51	22	16	46	17	33	23	36	99	3	77	63	69	51	11	52	47	48	71	55	61	95	16	77	94	56	85	76	53
0	0	0	0	0	0	0	0	7	11	10	57	0	20	87	28	95	85	34	87	33	88	97	8	76	91	32	61	22	46	4	69	97	83	56	33	3	33	73	33	45	70	8	36	86	43	25	42	46	18	60	82	57	26	39	69	79	8	54	66	82	81	39	59	10	25	26	73	69	38	33	40	70	29	51	93	17	39	62	69	49	32	71	83	51	19	38	23	87	22	94	92	48	32	43	67	6	52	31	61	47	68	44	50	35	12	92	36	40	54	63	64	46	43	58	23	98	87	17	62	70	18	62	48	29	39	34	78	37	27	5	34	77	51	14	59	5	90	37	28	0	14	96	87	16	70	21	70	59	78	30	50	55	87	44	89	61	93	30	38	83	59	34	55	46	35	2	83	26	51	24	42	81	24	0	58	83	17	32	48	89	4	99	64	34	9	83	69	71	64	92	69	0	62	85	50	74	32	9	27
0	0	0	0	0	0	0	0	0	76	56	76	93	30	72	5	90	0	73	44	40	81	5	65	18	27	49	15	69	72	43	64	22	60	16	78	53	66	25	63	37	77	36	62	83	63	46	29	61	61	33	32	66	94	52	28	82	54	99	1	49	95	25	45	25	83	43	30	36	2	24	67	91	99	72	72	74	61	98	17	17	51	41	20	28	37	99	11	99	23	25	4	96	69	39	89	35	29	94	15	72	73	11	15	40	32	30	37	50	72	84	69	9	38	66	28	80	61	60	7	25	42	25	12	95	98	61	34	82	14	90	84	85	79	12	41	4	50	81	25	56	71	79	52	53	78	84	69	83	55	80	24	24	27	35	65	21	68	44	37	56	90	29	74	91	9	81	94	31	67	11	93	24	23	41	8	9	67	1	22	20	30	7	66	45	98	34	72	35	66	62	13	52	62	59	79	61	31	31	14
0	0	0	0	0	0	0	0	0	0	86	65	80	32	50	51	88	83	37	74	32	72	0	75	22	25	38	60	70	24	33	10	84	72	89	48	43	26	4	80	22	56	71	67	60	54	17	7	78	66	98	53	14	5	23	62	43	36	69	75	68	66	3	56	5	52	10	93	53	95	95	37	90	86	16	88	80	51	53	13	49	88	91	49	45	83	24	78	86	77	69	40	63	96	84	77	15	6	36	26	21	50	75	65	87	66	4	86	0	44	92	22	10	47	3	63	76	73	52	55	45	46	17	67	24	80	80	41	65	50	52	53	89	84	16	41	13	13	23	68	30	80	4	77	5	25	72	85	56	56	51	74	31	99	80	92	82	9	1	19	70	32	71	55	74	28	82	80	7	50	37	22	49	27	18	91	54	83	10	24	16	27	40	7	20	30	67	48	73	92	65	63	80	83	47	37	10	19	24	75
0	0	0	0	0	0	0	0	0	0	0	83	27	47	47	46	54	69	51	97	17	71	49	5	46	0	53	75	73	7	37	74	59	53	46	1	48	94	53	24	71	19	9	75	74	75	33	83	92	10	63	90	66	0	46	34	13	91	57	30	41	81	88	96	64	36	16	75	83	31	97	93	86	34	47	65	96	67	39	64	37	9	23	65	99	26	65	95	52	0	50	23	62	80	58	36	63	79	76	36	76	90	31	96	44	38	45	87	97	86	37	24	73	77	16	46	53	60	0	53	80	96	61	67	92	60	17	25	14	42	71	65	6	76	49	41	7	87	86	14	68	28	83	95	49	15	90	56	85	61	1	63	52	34	69	10	54	41	79	35	19	76	8	6	63	43	61	89	29	20	90	2	87	9	69	21	72	23	76	73	90	72	67	58	69	60	31	72	38	87	10	95	93	2	24	51	97	57	45	0
0	0	0	0	0	0	0	0	0	0	0	0	9	10	46	79	12	41	99	55	42	36	14	87	83	26	21	9	14	51	18	49	14	86	48	48	5	64	86	40	56	21	60	28	11	33	74	5	52	29	41	13	84	67	89	15	35	8	85	8	31	90	63	65	83	59	31	23	9	61	3	40	26	15	53	83	72	52	45	48	23	43	63	46	37	32	69	86	35	43	2	32	48	87	69	4	84	17	49	11	59	82	7	41	10	75	62	65	23	97	40	48	72	29	29	34	5	78	85	58	99	5	27	16	89	3	65	94	63	59	96	85	94	71	44	22	79	73	58	69	20	77	30	0	4	74	95	98	76	42	42	28	10	84	94	53	19	90	10	10	74	51	6	36	43	95	1	74	58	41	93	59	4	95	71	26	67	82	9	5	87	20	59	8	6	67	34	78	45	87	9	94	54	9	86	56	57	15	24	66
0	0	0	0	0	0	0	0	0	0	0	0	0	66	88	74	44	97	69	89	96	45	97	56	35	1	7	85	1	29	54	27	12	96	79	82	72	38	99	67	29	8	7	73	67	53	21	19	7	69	23	65	8	94	24	66	65	58	56	3	89	4	74	45	29	2	29	20	10	32	62	83	25	60	10	97	27	45	0	63	69	88	47	62	8	13	61	8	54	67	7	50	75	66	65	0	60	49	94	59	10	26	43	41	41	26	45	52	55	31	5	90	33	96	39	26	29	91	30	58	27	14	75	37	86	1	57	15	98	1	6	21	81	29	89	21	63	65	24	17	99	3	36	12	15	59	3	1	63	24	6	93	43	42	17	21	80	55	13	40	1	32	24	3	75	45	56	91	6	89	42	57	35	49	69	69	8	12	64	16	42	48	5	3	51	60	13	93	11	49	84	34	41	76	86	39	32	90	96	31
0	0	0	0	0	0	0	0	0	0	0	0	0	0	47	67	88	3	11	96	49	45	91	60	86	14	70	54	27	57	46	6	62	58	4	71	29	93	97	92	37	73	36	43	45	64	61	9	97	71	66	42	90	84	61	17	17	84	51	88	88	12	12	70	57	32	83	5	13	53	65	4	44	28	43	61	79	24	65	25	87	19	10	61	54	22	57	85	20	70	81	80	73	66	58	71	5	73	4	2	65	91	34	37	73	57	60	28	39	58	18	47	47	92	45	81	8	3	15	40	48	19	67	99	69	93	47	62	48	0	59	91	94	29	91	90	93	43	57	88	20	70	64	29	56	25	21	88	80	11	76	60	57	87	35	64	27	47	11	61	23	35	16	68	95	64	0	11	59	7	20	36	22	8	4	29	32	72	0	56	63	62	39	79	90	75	87	45	57	34	63	83	5	71	43	33	47	84	2	97
0	0	0	0	0	0	0	0	0	0	0	0	0	0	0	16	92	31	58	65	36	29	86	48	85	7	98	75	81	5	20	20	83	61	36	82	28	51	44	68	27	4	5	48	5	85	46	28	91	60	36	29	46	11	5	52	37	31	54	42	94	49	48	62	46	7	26	91	59	45	5	53	27	98	42	6	19	79	45	78	92	16	83	46	59	51	77	43	83	6	88	50	86	75	17	90	37	30	87	54	66	84	45	71	77	35	18	51	87	79	7	3	49	71	98	17	13	65	2	57	68	17	24	33	41	28	81	9	99	30	54	77	92	89	84	16	78	69	78	4	3	30	77	35	37	81	23	36	97	39	12	96	68	15	45	6	36	51	88	14	96	43	25	18	47	42	10	33	32	54	85	42	4	46	16	41	86	38	40	89	75	88	36	78	38	54	80	50	69	21	56	27	94	73	54	55	50	42	32	33
0	0	0	0	0	0	0	0	0	0	0	0	0	0	0	0	67	80	57	92	7	42	80	10	24	22	26	51	79	9	61	28	38	53	53	39	9	85	23	73	95	56	62	3	48	54	29	94	82	44	88	66	74	99	83	46	88	81	25	26	30	48	51	41	61	23	27	11	49	16	76	11	35	75	0	87	11	57	57	65	54	70	43	64	70	92	67	44	66	6	44	15	46	17	42	86	3	70	44	0	99	56	12	62	11	36	70	61	58	76	33	49	87	18	86	82	48	98	91	37	93	83	21	88	96	10	11	23	15	4	62	40	89	12	69	78	62	33	46	38	97	10	4	43	16	28	28	37	62	72	31	33	26	10	94	43	49	86	69	72	61	87	22	86	45	53	93	87	61	24	13	75	16	96	98	7	85	99	31	83	82	50	8	35	44	61	24	38	35	90	12	96	11	29	11	66	41	37	87	84
0	0	0	0	0	0	0	0	0	0	0	0	0	0	0	0	0	83	51	47	39	15	76	15	96	95	49	93	58	14	73	61	52	4	86	90	91	31	96	17	23	26	75	87	9	7	28	20	10	97	11	71	6	58	89	4	63	49	97	63	69	32	28	6	7	13	6	54	97	14	36	87	47	89	49	0	57	25	33	39	8	83	88	99	88	9	72	60	72	16	90	16	56	67	84	3	38	56	33	90	5	58	49	42	10	73	71	51	12	30	8	88	79	16	18	93	81	32	87	23	94	20	61	90	95	50	60	85	71	44	43	91	5	65	19	2	8	13	37	80	89	93	50	67	63	36	29	38	98	35	10	10	50	24	59	71	75	75	60	7	14	54	24	93	43	57	82	28	47	3	34	63	84	72	30	17	7	29	53	1	14	66	76	56	4	81	22	72	70	49	53	17	76	57	84	4	49	20	27	47
0	0	0	0	0	0	0	0	0	0	0	0	0	0	0	0	0	0	1	47	16	11	97	30	5	89	92	40	70	16	68	77	65	89	27	70	31	45	98	23	38	24	61	78	62	71	61	33	6	83	22	6	90	13	76	18	21	19	58	51	72	17	62	8	77	81	88	63	90	21	86	71	20	55	33	1	20	55	94	83	86	84	80	23	39	77	85	2	53	15	8	2	58	21	3	7	2	37	7	70	35	62	10	64	78	62	15	96	33	36	96	80	87	47	21	3	8	35	49	77	63	42	59	0	2	40	24	22	21	28	15	8	50	62	34	82	85	49	4	42	52	58	96	3	78	79	13	34	50	31	51	27	71	63	19	46	98	18	19	74	16	82	61	72	78	86	50	53	11	17	7	37	78	92	84	27	70	25	30	39	11	76	27	0	89	70	15	99	79	2	30	49	58	0	5	43	97	50	3	20
0	0	0	0	0	0	0	0	0	0	0	0	0	0	0	0	0	0	0	59	25	69	38	48	63	46	66	31	23	49	86	68	35	5	96	2	92	36	32	17	1	27	80	40	16	2	36	6	65	87	13	50	57	50	44	32	44	73	71	34	75	1	84	97	84	49	30	30	40	94	8	97	15	4	35	5	25	41	65	56	12	88	11	50	25	50	3	55	76	20	98	27	37	20	65	50	95	31	68	19	2	32	28	9	12	20	7	57	8	10	34	12	55	5	46	67	66	88	76	17	2	54	39	36	99	67	20	15	47	64	33	92	58	63	4	25	7	87	10	33	43	24	84	39	42	54	82	4	19	80	11	33	76	88	70	3	15	86	14	83	9	82	25	90	85	59	7	59	14	30	10	33	44	76	38	23	41	55	71	21	61	64	31	97	28	7	59	92	68	80	58	52	1	55	21	59	14	3	81	78
0	0	0	0	0	0	0	0	0	0	0	0	0	0	0	0	0	0	0	0	91	19	89	35	38	53	1	37	15	13	61	75	66	70	29	40	12	40	37	86	54	2	17	72	83	10	35	11	2	52	95	66	39	40	20	54	70	20	13	73	41	62	65	21	16	99	76	13	68	10	94	97	38	15	98	97	7	47	60	16	99	69	57	98	73	36	88	91	58	69	17	59	55	20	77	60	50	46	97	86	98	80	70	78	31	57	58	69	60	99	76	5	15	60	98	99	83	19	68	80	13	48	21	66	97	50	66	26	49	76	91	53	16	0	35	36	93	69	76	53	23	76	67	19	53	74	98	70	7	29	43	60	7	44	75	48	27	80	60	86	16	89	35	52	19	18	58	56	52	58	37	69	56	48	33	32	29	70	18	93	70	2	99	16	77	42	36	92	4	34	47	21	59	52	77	53	75	64	11	21
0	0	0	0	0	0	0	0	0	0	0	0	0	0	0	0	0	0	0	0	0	97	42	44	66	7	5	51	84	16	34	58	69	64	22	90	75	50	1	62	85	77	12	80	22	82	10	56	61	72	87	70	87	51	82	90	33	7	93	7	10	9	27	53	74	40	58	34	34	18	50	89	89	78	55	45	10	6	67	24	64	97	24	3	75	3	73	51	69	73	23	18	94	88	72	72	92	67	53	30	48	81	93	20	50	98	30	79	39	2	94	38	26	83	18	42	48	67	96	38	41	45	28	9	89	38	23	54	79	30	39	9	73	48	50	32	49	11	8	55	8	74	68	50	11	14	5	44	6	73	31	83	85	3	90	6	14	10	33	64	95	94	16	69	50	94	40	64	78	7	31	67	50	94	17	19	98	70	25	51	74	16	94	27	0	7	75	14	57	60	41	25	20	30	20	57	82	31	11	81
0	0	0	0	0	0	0	0	0	0	0	0	0	0	0	0	0	0	0	0	0	0	5	55	2	84	4	7	60	81	37	11	90	36	64	33	32	34	44	96	53	6	7	56	69	22	41	81	75	13	42	36	69	26	10	67	62	95	43	92	10	37	87	4	13	79	3	98	21	59	23	91	86	32	51	75	26	27	16	50	94	69	45	32	84	96	9	18	5	26	90	61	99	79	47	70	12	89	71	53	11	63	14	96	81	62	90	24	35	91	63	38	91	84	75	47	49	3	22	2	73	67	93	43	94	58	30	29	77	72	85	94	40	5	6	43	62	74	15	91	53	42	83	41	56	0	5	13	87	50	44	65	37	36	41	65	60	39	65	81	43	70	80	31	1	90	97	56	38	42	78	17	84	57	93	98	52	84	98	87	47	65	41	44	56	35	25	23	28	37	94	1	42	13	64	38	49	53	36	34
0	0	0	0	0	0	0	0	0	0	0	0	0	0	0	0	0	0	0	0	0	0	0	55	12	44	4	16	99	99	47	91	76	59	72	77	81	76	78	32	31	14	93	16	89	6	58	54	91	62	98	41	87	67	14	3	90	45	2	0	13	90	98	62	48	79	60	76	82	68	13	85	55	51	28	26	66	17	41	92	22	65	48	53	59	42	20	65	55	31	71	24	83	10	96	39	48	58	68	1	87	42	47	17	85	20	55	26	73	67	11	82	8	42	18	28	82	12	15	69	78	9	65	62	36	46	52	68	16	93	55	48	12	98	53	70	36	54	54	5	73	31	87	74	43	44	70	11	59	31	49	27	93	64	14	68	57	20	72	88	85	28	21	96	63	28	55	94	11	85	86	39	67	59	63	7	29	23	87	98	39	41	16	27	95	14	6	2	21	55	58	66	81	69	98	78	49	84	76	27
0	0	0	0	0	0	0	0	0	0	0	0	0	0	0	0	0	0	0	0	0	0	0	0	24	51	58	48	35	94	36	5	72	48	42	88	50	56	49	73	4	58	75	46	65	34	91	29	53	86	19	18	0	34	34	36	90	42	22	59	40	87	22	8	78	30	94	98	86	90	32	10	55	41	99	2	68	71	47	98	17	51	23	71	84	78	75	5	85	6	78	25	46	64	65	4	74	98	51	72	78	37	92	57	58	34	37	90	75	60	41	74	33	7	98	62	20	20	84	3	53	34	11	73	42	51	37	54	36	23	49	1	12	23	67	82	72	66	29	16	9	10	15	90	62	14	49	55	77	7	97	80	61	14	12	72	24	69	37	80	79	18	69	54	41	93	83	25	9	20	4	34	55	86	87	32	34	45	66	77	39	53	45	62	47	66	53	90	47	94	38	36	77	58	14	2	28	43	89	14
0	0	0	0	0	0	0	0	0	0	0	0	0	0	0	0	0	0	0	0	0	0	0	0	0	97	88	25	0	68	46	46	14	22	7	16	29	4	56	29	59	30	40	51	51	39	66	64	77	25	91	4	67	49	97	32	77	76	47	4	56	49	95	80	47	66	76	12	94	19	78	49	77	62	41	4	42	9	93	22	95	35	74	12	51	81	82	82	7	6	20	13	52	1	69	20	16	79	49	92	34	90	69	97	0	23	27	51	80	45	19	30	35	83	26	0	46	16	36	69	62	99	84	93	12	61	27	92	59	39	14	54	31	69	30	65	58	89	85	33	4	86	20	26	7	73	35	38	81	1	34	46	76	71	94	31	21	97	11	62	41	12	37	93	25	33	41	20	36	76	64	36	91	97	40	31	77	73	74	54	88	33	27	45	4	58	14	23	75	24	76	54	55	20	56	70	89	74	38	75
0	0	0	0	0	0	0	0	0	0	0	0	0	0	0	0	0	0	0	0	0	0	0	0	0	0	63	37	55	43	65	13	10	61	55	7	94	30	11	31	65	21	62	72	69	58	30	74	93	22	88	33	15	7	55	79	9	94	77	70	15	90	37	87	84	67	31	59	72	56	85	76	14	20	35	45	34	31	33	48	4	61	72	41	85	79	79	56	74	45	36	76	94	13	24	6	56	87	36	61	3	63	55	99	27	20	41	86	14	46	45	26	63	98	15	46	70	82	88	50	65	20	55	43	11	85	50	55	83	67	98	5	96	24	12	25	52	46	38	61	56	31	46	19	35	26	61	86	31	41	99	85	57	18	31	11	64	93	42	66	89	63	98	71	94	90	89	34	89	69	44	35	44	35	27	84	8	48	63	87	15	91	99	0	64	0	98	25	9	53	41	42	55	1	98	27	17	21	90	89
0	0	0	0	0	0	0	0	0	0	0	0	0	0	0	0	0	0	0	0	0	0	0	0	0	0	0	34	67	61	12	35	21	73	20	34	74	7	84	11	64	89	80	88	78	17	11	70	22	3	91	3	96	80	61	86	69	99	94	31	74	8	45	76	5	35	28	41	30	91	24	14	84	61	72	26	8	5	10	4	91	91	18	57	71	3	77	32	11	39	94	52	87	34	80	52	60	18	3	77	21	46	57	60	76	22	69	39	53	37	55	67	88	94	75	67	63	23	12	76	74	19	73	41	78	25	62	38	61	94	42	78	47	24	70	38	75	74	78	61	50	45	72	17	46	56	77	32	68	76	88	1	54	18	90	37	42	43	4	59	44	63	92	60	32	77	43	43	61	94	76	97	3	85	34	24	83	44	32	12	37	86	22	75	43	93	53	46	9	50	44	5	13	28	42	38	55	5	43	20
0	0	0	0	0	0	0	0	0	0	0	0	0	0	0	0	0	0	0	0	0	0	0	0	0	0	0	0	35	73	82	43	64	5	18	28	57	39	29	26	71	70	11	47	42	64	55	10	93	44	60	31	5	41	71	78	34	25	24	60	12	33	17	39	61	34	78	40	84	33	24	32	95	78	57	24	26	98	76	22	59	84	58	78	95	0	48	62	83	80	73	31	84	91	49	64	5	62	16	92	14	29	68	12	86	88	89	19	7	44	91	35	71	6	76	49	23	11	21	83	46	73	70	90	75	66	1	0	85	95	26	89	77	44	14	31	99	7	20	47	46	82	29	7	4	7	28	97	61	19	53	30	21	22	35	8	22	79	9	89	9	12	30	50	12	46	1	41	21	11	88	20	46	75	97	3	95	89	40	24	38	87	24	77	62	99	40	18	44	10	46	65	25	73	30	60	28	6	2	14
0	0	0	0	0	0	0	0	0	0	0	0	0	0	0	0	0	0	0	0	0	0	0	0	0	0	0	0	0	91	76	43	59	23	64	84	39	17	42	26	45	21	8	11	57	15	34	61	67	49	58	80	74	24	58	72	10	3	93	24	34	42	86	23	43	89	97	25	10	55	25	32	97	43	50	82	78	69	80	50	47	74	0	66	70	51	40	7	28	59	18	76	53	54	58	66	81	65	81	21	30	0	2	41	83	34	88	76	84	71	6	75	87	54	48	4	99	34	25	19	39	72	34	93	55	86	75	18	68	10	21	52	6	82	61	60	96	20	91	41	66	44	11	56	62	41	73	55	14	57	67	7	75	16	69	68	92	20	33	13	21	72	33	80	1	91	86	75	87	0	15	75	94	91	87	65	65	27	56	47	67	68	17	77	26	89	31	13	79	78	68	70	34	71	36	0	61	21	73	69
0	0	0	0	0	0	0	0	0	0	0	0	0	0	0	0	0	0	0	0	0	0	0	0	0	0	0	0	0	0	8	55	59	91	67	97	82	99	59	97	5	3	38	42	39	44	66	14	39	11	54	57	72	0	26	40	43	66	12	48	99	70	0	84	40	67	92	38	68	40	21	18	83	12	3	0	49	32	39	48	78	86	47	80	5	25	6	50	10	30	79	26	79	6	62	11	26	11	54	97	61	41	85	98	71	9	65	50	95	92	20	69	79	87	68	17	48	20	28	94	28	21	23	97	21	57	50	88	28	46	34	44	38	86	18	66	72	11	90	84	50	34	61	71	71	86	7	30	75	13	20	14	90	95	94	50	81	42	73	0	3	89	78	93	66	63	45	80	68	57	0	85	68	45	98	81	62	66	45	80	4	95	29	72	96	55	65	89	7	59	19	37	35	68	79	17	81	45	5	43
0	0	0	0	0	0	0	0	0	0	0	0	0	0	0	0	0	0	0	0	0	0	0	0	0	0	0	0	0	0	0	61	4	81	23	51	81	85	24	80	11	34	59	50	56	75	20	77	98	64	78	99	71	7	94	43	1	89	12	59	66	11	16	51	20	39	12	62	22	95	35	20	59	82	35	41	75	11	24	18	55	58	64	78	78	41	44	0	27	56	13	56	48	1	57	83	96	11	36	65	72	10	54	23	55	61	67	61	28	60	70	90	26	77	76	42	4	41	65	66	56	88	93	40	81	14	64	61	52	54	49	4	67	17	61	68	41	67	0	99	63	50	33	75	17	20	46	93	57	52	60	12	64	36	20	80	10	75	68	65	1	2	57	60	7	25	13	16	73	59	58	17	32	14	29	27	93	82	58	70	98	6	77	47	92	22	82	26	16	71	2	6	66	76	50	55	76	81	9	35
0	0	0	0	0	0	0	0	0	0	0	0	0	0	0	0	0	0	0	0	0	0	0	0	0	0	0	0	0	0	0	0	34	51	25	77	47	16	79	94	5	53	20	69	1	54	57	62	76	64	3	72	49	51	64	41	13	20	10	11	35	22	45	40	77	57	89	94	92	74	6	45	30	71	63	79	15	84	2	71	3	12	30	77	75	94	53	57	63	49	21	83	14	31	81	40	2	83	93	40	99	39	38	12	39	73	12	34	60	88	23	88	30	72	13	25	52	96	5	20	46	73	45	39	66	96	70	55	79	39	30	83	0	72	3	59	14	79	91	96	32	51	73	37	52	85	6	72	38	62	41	99	22	95	16	51	31	58	43	12	3	6	84	63	75	91	74	1	91	85	36	3	87	81	50	55	5	24	61	7	16	79	76	97	86	50	39	95	97	8	89	28	68	36	99	61	32	0	14	35
0	0	0	0	0	0	0	0	0	0	0	0	0	0	0	0	0	0	0	0	0	0	0	0	0	0	0	0	0	0	0	0	0	83	91	6	89	86	21	41	34	82	11	32	84	53	43	42	64	59	83	50	64	41	86	66	43	62	73	66	64	91	89	8	4	97	25	47	77	27	47	66	78	91	59	97	61	91	15	3	21	44	83	1	81	97	85	56	96	66	5	34	55	81	84	50	61	38	19	49	88	83	60	45	82	7	7	65	81	93	35	60	47	38	80	47	29	66	29	66	20	8	4	79	12	56	45	34	30	66	17	65	84	11	47	95	19	43	61	64	4	47	2	80	43	88	55	49	38	57	20	9	11	87	98	5	35	81	75	71	82	84	38	14	15	89	40	99	76	83	72	58	58	68	24	67	17	11	92	87	31	0	37	88	16	59	86	52	10	16	82	74	14	81	32	5	51	71	16	62
0	0	0	0	0	0	0	0	0	0	0	0	0	0	0	0	0	0	0	0	0	0	0	0	0	0	0	0	0	0	0	0	0	0	82	57	75	50	24	94	89	62	17	74	99	45	17	9	53	59	12	73	54	75	18	26	43	77	82	52	81	39	78	59	2	34	9	80	44	18	32	8	46	40	6	6	32	43	70	14	38	46	87	85	8	3	0	57	25	10	94	77	82	26	75	3	11	81	60	10	57	68	60	22	99	17	48	50	79	96	80	41	27	41	16	14	6	12	75	71	1	13	45	26	52	50	90	53	18	7	77	87	64	88	39	8	23	77	1	83	47	77	5	0	61	45	96	77	78	46	35	90	38	8	39	20	97	81	68	63	56	82	25	96	55	76	89	42	58	45	91	21	58	54	87	41	59	97	63	73	41	92	8	15	69	97	70	78	2	37	23	35	27	20	83	53	23	38	2	28
0	0	0	0	0	0	0	0	0	0	0	0	0	0	0	0	0	0	0	0	0	0	0	0	0	0	0	0	0	0	0	0	0	0	0	93	24	3	3	6	19	21	6	94	50	80	31	39	55	66	63	32	39	8	53	91	47	5	3	58	24	57	53	44	87	70	54	95	2	76	9	65	3	40	49	69	87	64	22	28	43	85	40	18	91	97	76	7	19	57	18	35	58	32	12	82	11	18	12	24	0	91	4	5	39	98	53	37	20	54	83	8	44	22	24	92	71	99	12	16	49	87	87	82	3	23	15	77	74	48	66	57	45	56	56	71	87	33	13	72	93	92	97	71	54	99	62	20	1	52	96	25	36	63	44	67	82	91	54	0	52	30	68	25	97	66	0	19	39	51	35	37	10	47	81	20	76	82	21	98	12	28	82	13	5	21	12	99	83	72	68	97	92	87	82	69	84	82	65	45
0	0	0	0	0	0	0	0	0	0	0	0	0	0	0	0	0	0	0	0	0	0	0	0	0	0	0	0	0	0	0	0	0	0	0	0	59	22	18	89	24	94	55	89	51	74	39	17	85	53	50	50	8	17	86	97	87	13	78	87	67	99	8	24	47	79	38	45	10	77	74	10	38	31	42	37	39	31	27	73	87	69	97	78	45	64	40	26	80	83	31	13	53	98	2	90	49	67	60	55	89	60	75	4	29	55	58	55	88	90	56	31	66	20	27	42	84	77	77	25	16	26	32	97	81	13	9	64	34	60	54	79	52	12	44	10	43	89	40	72	49	53	60	94	42	36	27	35	64	60	45	55	75	45	28	85	37	34	31	38	63	38	17	40	43	79	15	4	82	99	4	52	92	66	18	70	72	63	93	59	78	97	24	19	15	81	92	58	79	11	73	6	86	15	68	72	41	63	39	15
0	0	0	0	0	0	0	0	0	0	0	0	0	0	0	0	0	0	0	0	0	0	0	0	0	0	0	0	0	0	0	0	0	0	0	0	0	42	66	49	24	99	64	98	56	3	13	38	99	18	20	78	65	58	26	3	76	44	59	4	62	46	73	96	41	64	2	60	66	21	57	83	42	75	27	31	15	23	63	6	46	7	45	99	82	99	15	78	95	27	78	58	86	72	72	68	93	86	86	86	77	57	6	4	15	79	79	19	12	13	61	16	98	11	89	31	73	35	73	56	63	62	60	64	61	54	21	41	98	72	58	89	17	53	62	37	30	65	0	93	46	91	87	49	70	96	94	58	71	84	75	62	80	51	1	79	7	55	24	23	57	73	95	81	93	97	80	8	61	59	66	89	54	3	64	44	30	7	90	28	83	33	19	0	61	7	34	77	77	3	33	45	10	75	19	86	98	74	29	89
0	0	0	0	0	0	0	0	0	0	0	0	0	0	0	0	0	0	0	0	0	0	0	0	0	0	0	0	0	0	0	0	0	0	0	0	0	0	23	86	94	99	51	69	45	62	65	28	4	33	77	99	59	9	36	18	29	48	22	22	87	87	61	36	8	28	3	67	61	83	95	81	3	23	81	11	73	58	49	98	24	65	98	35	95	5	16	72	40	26	74	45	43	14	50	93	76	76	97	48	31	23	67	10	45	41	29	51	78	45	40	83	99	84	21	62	0	93	0	0	6	1	90	67	60	98	37	33	37	96	15	62	12	53	37	67	40	1	18	77	61	46	47	89	35	30	47	67	66	89	93	71	55	95	74	64	67	22	97	34	62	53	37	0	60	51	75	73	52	11	84	31	45	34	62	25	58	24	19	43	5	88	64	85	60	78	97	85	24	59	16	46	12	91	12	62	86	96	3	80
0	0	0	0	0	0	0	0	0	0	0	0	0	0	0	0	0	0	0	0	0	0	0	0	0	0	0	0	0	0	0	0	0	0	0	0	0	0	0	85	63	88	83	60	76	25	35	38	60	33	48	24	87	7	82	95	52	3	25	31	40	40	62	9	94	39	68	64	58	94	44	52	5	90	52	23	61	80	46	89	71	42	4	52	93	59	2	6	63	20	36	23	41	3	26	34	87	50	47	47	77	12	16	99	86	73	26	29	77	91	7	2	93	77	7	36	55	24	60	55	94	45	34	25	60	27	34	28	4	34	77	90	90	53	62	96	60	17	82	35	11	38	90	82	79	63	83	93	4	70	13	12	84	38	12	76	14	69	13	42	62	59	17	46	73	57	88	50	12	98	91	17	31	12	15	11	99	31	58	27	37	68	1	96	15	81	29	13	22	90	44	60	6	95	16	46	89	15	42	73
0	0	0	0	0	0	0	0	0	0	0	0	0	0	0	0	0	0	0	0	0	0	0	0	0	0	0	0	0	0	0	0	0	0	0	0	0	0	0	0	86	61	41	67	10	63	70	99	99	90	19	2	13	48	72	28	90	21	34	96	18	52	19	26	22	41	32	4	62	81	86	30	47	26	84	12	92	78	78	24	1	63	43	45	77	69	89	18	25	55	17	20	38	19	42	20	16	30	76	77	41	89	82	75	77	64	49	17	52	16	12	76	83	82	4	81	0	42	77	75	24	53	76	27	3	13	13	67	98	8	56	77	46	93	47	42	17	71	39	21	99	82	24	50	83	40	76	13	59	9	76	68	83	83	22	54	52	73	43	21	10	87	13	87	48	63	37	53	8	51	34	45	68	52	6	70	75	16	86	86	18	48	10	8	65	7	56	32	94	79	29	92	90	13	78	12	52	57	32	90
0	0	0	0	0	0	0	0	0	0	0	0	0	0	0	0	0	0	0	0	0	0	0	0	0	0	0	0	0	0	0	0	0	0	0	0	0	0	0	0	0	92	97	79	1	8	23	57	37	49	86	19	84	56	64	59	35	4	56	56	23	49	22	35	51	12	73	59	96	89	37	11	40	35	33	41	48	14	93	15	37	39	27	42	22	97	5	74	61	87	43	76	51	4	60	89	26	10	48	72	78	76	24	24	40	11	86	36	15	95	42	14	80	39	42	3	9	86	87	28	46	14	22	95	82	75	79	50	69	46	80	58	95	24	86	53	48	10	68	76	78	38	60	59	61	75	44	14	29	15	26	41	51	73	1	34	30	15	72	19	21	39	9	96	2	74	67	26	81	86	88	46	80	12	58	1	80	66	96	12	17	91	6	33	70	21	15	28	79	84	72	97	4	0	85	54	65	33	14	65
0	0	0	0	0	0	0	0	0	0	0	0	0	0	0	0	0	0	0	0	0	0	0	0	0	0	0	0	0	0	0	0	0	0	0	0	0	0	0	0	0	0	8	1	85	45	86	24	80	98	1	23	59	48	59	70	67	23	45	48	28	5	87	69	37	5	44	87	63	33	78	22	73	88	64	5	15	49	0	55	77	44	20	16	68	46	4	66	32	45	43	59	49	93	24	23	48	70	32	99	0	48	13	89	47	41	85	48	83	7	33	92	39	84	53	4	87	10	35	28	83	49	32	10	1	57	22	77	13	82	68	88	46	55	27	29	7	38	91	1	88	45	46	52	8	90	9	51	17	29	98	59	94	40	8	29	32	68	7	4	75	46	44	38	41	14	20	74	3	87	59	39	63	1	55	15	57	25	15	41	61	50	49	76	19	97	28	56	67	70	69	35	84	18	92	32	52	98	32	25
0	0	0	0	0	0	0	0	0	0	0	0	0	0	0	0	0	0	0	0	0	0	0	0	0	0	0	0	0	0	0	0	0	0	0	0	0	0	0	0	0	0	0	29	66	79	92	35	79	55	8	94	26	79	85	7	85	18	82	68	10	50	68	45	72	92	79	67	74	97	44	59	34	98	74	66	81	9	3	64	73	35	40	28	14	17	37	20	91	63	82	94	65	60	27	3	25	9	7	11	30	57	29	47	98	62	56	30	37	15	68	15	21	94	62	0	70	1	76	84	83	60	35	81	3	69	10	60	81	16	72	62	37	14	75	31	34	62	32	37	82	7	59	12	19	98	90	57	13	27	18	70	69	2	83	25	63	53	2	77	96	65	61	50	28	87	70	47	35	96	81	31	12	56	51	53	69	81	57	74	10	64	3	2	82	93	38	22	55	44	85	61	11	7	75	20	79	8	58	20
0	0	0	0	0	0	0	0	0	0	0	0	0	0	0	0	0	0	0	0	0	0	0	0	0	0	0	0	0	0	0	0	0	0	0	0	0	0	0	0	0	0	0	0	44	61	51	20	6	99	78	85	45	19	55	91	8	54	31	0	48	61	17	64	13	35	36	24	17	35	86	16	29	37	19	1	6	20	60	40	69	54	75	25	18	61	79	51	4	63	46	49	97	53	75	67	78	68	12	27	2	53	73	79	88	7	61	35	63	30	81	7	9	55	18	39	32	39	14	20	70	66	64	77	85	58	37	66	22	1	11	49	98	56	48	86	62	4	48	41	85	15	17	72	10	28	51	26	72	73	99	4	69	47	46	43	38	24	71	15	93	48	59	26	34	45	0	76	40	42	60	72	40	94	49	37	47	27	2	47	25	38	3	77	34	75	22	31	62	58	72	56	46	47	62	67	61	75	29	44
0	0	0	0	0	0	0	0	0	0	0	0	0	0	0	0	0	0	0	0	0	0	0	0	0	0	0	0	0	0	0	0	0	0	0	0	0	0	0	0	0	0	0	0	0	54	0	46	43	66	45	96	88	54	27	79	81	95	91	81	65	94	40	45	65	80	65	41	38	2	66	14	48	71	75	94	82	75	14	88	42	69	89	20	50	25	41	74	49	66	35	22	29	39	32	15	18	93	72	5	98	49	7	45	27	89	25	15	93	16	88	87	50	68	53	65	87	13	55	44	30	7	11	6	93	97	61	76	2	79	97	44	2	55	39	81	82	18	5	34	91	93	50	71	46	87	51	96	84	77	10	23	8	17	83	20	49	18	37	21	92	64	85	16	3	84	3	93	93	38	22	60	86	6	81	13	14	31	39	88	23	19	27	44	76	45	31	4	81	80	23	84	92	79	15	22	77	27	78	16
0	0	0	0	0	0	0	0	0	0	0	0	0	0	0	0	0	0	0	0	0	0	0	0	0	0	0	0	0	0	0	0	0	0	0	0	0	0	0	0	0	0	0	0	0	0	7	33	37	4	88	75	87	55	19	51	7	54	96	9	61	39	49	61	46	67	69	28	60	90	83	25	97	85	76	29	63	8	24	52	77	87	63	39	2	30	41	55	25	2	61	72	16	72	36	35	93	1	48	94	70	36	0	97	56	10	32	78	5	0	37	58	3	24	4	40	69	63	86	11	37	79	25	92	72	24	40	46	67	33	88	65	67	28	3	55	15	12	92	50	9	84	93	56	59	40	99	20	64	56	97	32	53	61	80	92	29	5	57	43	57	27	63	75	5	11	81	51	31	17	38	4	88	52	25	60	72	74	64	95	96	7	35	57	42	66	61	74	20	24	36	72	71	76	7	10	78	90	41	66
0	0	0	0	0	0	0	0	0	0	0	0	0	0	0	0	0	0	0	0	0	0	0	0	0	0	0	0	0	0	0	0	0	0	0	0	0	0	0	0	0	0	0	0	0	0	0	20	41	20	1	83	87	40	96	35	56	75	31	95	2	42	86	83	55	58	36	83	70	16	11	60	36	26	95	61	99	80	27	10	97	28	5	0	19	46	31	52	58	71	30	39	59	78	72	86	82	9	7	0	9	58	4	9	42	93	70	62	24	97	62	40	4	72	16	5	51	60	54	54	89	50	93	46	88	13	46	60	63	83	86	2	58	41	81	14	43	0	10	42	56	33	28	87	59	13	82	5	79	69	63	27	57	23	72	78	95	74	48	81	45	44	83	41	94	1	88	34	90	99	52	67	98	55	7	38	30	51	90	96	23	86	72	16	17	97	23	50	54	22	18	44	49	76	36	21	63	83	60	90
0	0	0	0	0	0	0	0	0	0	0	0	0	0	0	0	0	0	0	0	0	0	0	0	0	0	0	0	0	0	0	0	0	0	0	0	0	0	0	0	0	0	0	0	0	0	0	0	16	82	80	71	76	75	57	94	24	86	13	7	95	26	16	92	49	26	17	95	87	3	69	50	58	11	86	51	23	86	34	22	0	61	38	97	72	38	10	11	45	30	87	48	87	2	76	85	70	12	24	43	49	69	12	47	93	29	97	9	72	31	16	41	87	0	14	8	32	75	68	80	94	11	36	13	91	40	63	95	12	76	58	64	71	14	55	6	14	30	52	17	76	5	52	64	88	31	15	63	91	58	69	98	75	29	55	20	91	3	41	68	38	22	19	4	15	61	55	80	15	94	73	46	74	44	29	19	24	13	47	27	65	72	97	61	43	31	2	43	39	84	94	22	53	14	85	89	76	75	11	72
0	0	0	0	0	0	0	0	0	0	0	0	0	0	0	0	0	0	0	0	0	0	0	0	0	0	0	0	0	0	0	0	0	0	0	0	0	0	0	0	0	0	0	0	0	0	0	0	0	7	36	94	64	33	33	28	81	79	0	35	37	29	45	34	12	63	7	47	89	96	21	79	21	60	12	10	46	10	6	91	83	80	98	80	71	83	48	44	59	64	34	62	54	45	31	90	16	6	59	66	35	8	30	39	46	83	20	0	67	0	46	51	41	6	66	39	31	51	7	21	29	55	60	79	73	24	72	16	73	93	65	69	67	16	30	34	45	0	70	40	41	0	10	56	42	34	10	6	85	68	32	59	82	5	50	1	17	98	48	80	66	51	47	38	19	24	29	81	38	45	93	37	42	69	2	25	77	52	12	74	63	96	59	7	79	2	56	73	93	83	58	87	56	45	26	83	73	57	80	47
0	0	0	0	0	0	0	0	0	0	0	0	0	0	0	0	0	0	0	0	0	0	0	0	0	0	0	0	0	0	0	0	0	0	0	0	0	0	0	0	0	0	0	0	0	0	0	0	0	0	12	26	75	30	80	75	83	26	27	55	33	51	23	50	39	4	0	21	82	55	66	35	90	20	95	90	50	34	43	41	42	60	8	84	82	46	1	98	84	12	35	92	81	69	4	58	72	22	64	75	68	43	25	46	73	63	2	75	55	63	36	21	79	68	50	54	79	6	63	6	21	98	50	50	40	52	34	60	71	98	92	83	62	4	43	0	74	92	98	24	33	0	40	82	44	72	17	57	79	94	49	63	3	76	0	61	30	91	17	0	43	18	84	73	32	99	22	17	62	64	51	64	4	39	40	70	17	7	22	56	68	77	56	81	89	18	32	31	47	16	22	6	56	4	91	83	29	72	72	33
0	0	0	0	0	0	0	0	0	0	0	0	0	0	0	0	0	0	0	0	0	0	0	0	0	0	0	0	0	0	0	0	0	0	0	0	0	0	0	0	0	0	0	0	0	0	0	0	0	0	0	28	14	88	83	40	45	62	82	24	37	8	0	75	21	34	92	0	29	83	1	6	96	3	97	99	32	14	38	3	63	28	96	72	94	66	6	24	70	92	23	4	10	9	17	56	28	41	8	19	40	73	98	69	58	10	11	44	64	28	45	36	4	70	38	95	77	8	41	90	98	77	55	14	23	91	94	35	71	43	65	39	23	26	39	46	25	46	71	5	14	42	97	6	34	3	51	4	10	96	99	80	4	49	16	28	43	2	32	92	14	94	4	71	78	1	31	15	64	3	6	77	78	92	17	11	94	1	15	24	21	23	88	28	49	28	13	73	42	95	98	78	20	1	23	35	30	22	4	42
0	0	0	0	0	0	0	0	0	0	0	0	0	0	0	0	0	0	0	0	0	0	0	0	0	0	0	0	0	0	0	0	0	0	0	0	0	0	0	0	0	0	0	0	0	0	0	0	0	0	0	0	72	5	38	41	30	6	87	20	36	82	59	22	78	24	45	80	97	58	93	66	89	58	32	67	47	72	75	12	90	63	94	32	53	21	84	19	8	59	11	89	80	4	17	46	2	1	14	77	36	59	2	34	51	34	59	73	29	48	96	25	98	58	82	73	3	33	76	34	7	0	66	98	13	73	54	17	32	7	70	23	90	16	94	74	8	81	7	38	98	15	51	94	51	51	59	65	61	91	30	11	95	20	19	7	1	88	98	87	44	73	58	22	18	96	51	13	20	28	71	96	48	59	90	72	80	4	90	92	44	50	54	21	13	88	23	84	46	86	6	50	83	1	5	2	89	31	4	11
0	0	0	0	0	0	0	0	0	0	0	0	0	0	0	0	0	0	0	0	0	0	0	0	0	0	0	0	0	0	0	0	0	0	0	0	0	0	0	0	0	0	0	0	0	0	0	0	0	0	0	0	0	12	30	56	28	74	95	14	19	17	31	91	26	32	58	45	17	28	84	22	52	24	29	92	24	76	56	12	47	31	93	41	37	11	49	93	50	3	91	36	53	51	20	21	79	37	79	69	46	32	39	19	53	73	55	34	89	67	9	14	24	80	94	33	62	94	98	83	70	80	55	70	77	72	69	32	78	79	1	91	44	37	86	39	37	15	38	42	72	8	78	56	75	91	98	10	19	59	12	42	48	60	87	58	4	10	36	38	57	45	48	91	4	64	13	5	10	40	92	57	21	32	4	69	38	41	86	31	35	80	28	32	68	25	36	14	40	17	93	72	90	48	17	10	81	88	64	1
0	0	0	0	0	0	0	0	0	0	0	0	0	0	0	0	0	0	0	0	0	0	0	0	0	0	0	0	0	0	0	0	0	0	0	0	0	0	0	0	0	0	0	0	0	0	0	0	0	0	0	0	0	0	22	41	80	8	61	54	22	34	43	66	69	60	66	44	46	36	58	97	0	36	65	79	25	92	75	76	7	94	12	73	66	41	46	41	46	45	79	50	49	51	36	18	62	93	9	88	81	92	30	29	25	54	93	86	64	6	86	97	58	29	88	52	83	94	58	79	75	58	51	20	37	55	22	65	55	90	79	94	70	16	11	97	62	6	59	73	58	97	36	78	94	61	25	64	65	3	62	38	65	34	62	29	30	34	49	14	84	3	57	48	17	65	3	21	75	62	76	21	42	74	17	44	95	4	0	25	2	41	50	79	90	60	39	60	47	45	1	74	59	64	38	61	77	11	72	29
0	0	0	0	0	0	0	0	0	0	0	0	0	0	0	0	0	0	0	0	0	0	0	0	0	0	0	0	0	0	0	0	0	0	0	0	0	0	0	0	0	0	0	0	0	0	0	0	0	0	0	0	0	0	0	80	56	66	80	61	64	69	31	29	40	29	59	78	19	14	30	93	46	43	66	56	72	78	93	89	13	14	90	35	5	75	40	65	31	57	4	83	48	56	75	89	11	6	71	11	18	10	55	57	3	85	37	87	38	92	79	27	86	22	26	87	28	68	27	47	34	67	57	79	10	22	12	66	91	93	52	99	93	97	1	97	98	26	15	26	68	59	99	36	7	38	89	48	51	92	62	53	35	47	65	86	1	82	53	11	6	22	66	74	78	45	21	2	45	61	51	49	93	39	22	88	28	68	87	15	50	45	0	51	29	50	26	23	13	58	19	46	42	32	50	66	77	16	15	89
0	0	0	0	0	0	0	0	0	0	0	0	0	0	0	0	0	0	0	0	0	0	0	0	0	0	0	0	0	0	0	0	0	0	0	0	0	0	0	0	0	0	0	0	0	0	0	0	0	0	0	0	0	0	0	0	39	6	74	50	61	23	28	51	13	82	77	24	35	79	11	5	24	38	31	15	15	49	58	99	41	39	22	57	23	52	7	31	32	42	79	35	98	93	5	25	39	28	90	90	3	56	81	63	7	31	53	6	94	38	62	88	82	79	48	19	72	7	32	99	19	68	86	32	97	43	25	98	88	1	14	50	1	87	75	77	52	60	58	76	19	98	27	2	5	82	96	74	15	14	24	32	6	29	75	19	37	50	11	35	97	89	42	96	74	52	56	19	58	73	20	4	2	73	56	10	81	25	24	84	12	17	85	89	76	72	23	34	76	50	76	19	50	37	21	47	89	78	34	18
0	0	0	0	0	0	0	0	0	0	0	0	0	0	0	0	0	0	0	0	0	0	0	0	0	0	0	0	0	0	0	0	0	0	0	0	0	0	0	0	0	0	0	0	0	0	0	0	0	0	0	0	0	0	0	0	0	1	79	14	47	82	4	6	63	56	22	46	93	24	24	44	43	53	17	40	41	2	4	40	21	36	12	15	24	0	3	99	89	61	45	69	32	16	45	37	41	5	24	62	14	95	67	16	23	13	17	49	70	88	26	87	95	49	50	28	7	19	65	52	28	82	35	84	92	23	61	80	36	48	68	66	75	56	58	55	22	88	99	39	39	33	52	57	37	86	24	41	39	63	93	17	79	60	14	63	19	55	23	37	76	81	97	72	88	0	93	27	58	66	7	56	36	10	32	1	85	64	45	41	81	59	59	34	86	79	21	70	24	22	93	38	42	80	4	59	44	78	27	57
0	0	0	0	0	0	0	0	0	0	0	0	0	0	0	0	0	0	0	0	0	0	0	0	0	0	0	0	0	0	0	0	0	0	0	0	0	0	0	0	0	0	0	0	0	0	0	0	0	0	0	0	0	0	0	0	0	0	41	27	54	55	6	67	81	40	0	65	82	84	96	12	31	62	74	3	21	42	13	13	26	72	60	9	16	3	88	87	82	49	70	3	40	0	5	59	31	42	15	55	2	50	41	82	85	38	73	88	29	26	79	63	37	31	16	44	45	57	87	22	68	38	89	94	20	24	17	98	37	79	57	40	50	16	40	84	25	58	21	34	54	66	85	37	96	34	69	17	36	32	67	40	11	14	39	17	50	29	73	93	36	70	18	82	41	29	53	98	63	10	97	22	19	87	9	70	9	14	39	68	16	16	25	44	25	59	86	70	19	66	98	44	45	16	26	59	71	57	47	77
0	0	0	0	0	0	0	0	0	0	0	0	0	0	0	0	0	0	0	0	0	0	0	0	0	0	0	0	0	0	0	0	0	0	0	0	0	0	0	0	0	0	0	0	0	0	0	0	0	0	0	0	0	0	0	0	0	0	0	3	33	41	18	0	51	55	32	90	20	10	9	53	49	96	87	83	90	88	62	66	28	60	18	66	93	21	85	85	25	99	5	80	73	69	31	42	24	77	23	69	33	98	16	72	52	22	88	69	38	3	77	91	45	78	44	56	93	32	74	26	32	96	21	68	16	93	49	92	22	17	76	43	84	84	69	61	24	20	24	95	41	49	48	87	80	49	49	19	95	5	20	39	66	83	86	21	27	62	89	18	51	35	66	64	35	55	68	98	74	29	27	93	73	13	1	61	29	88	89	79	13	38	54	43	31	92	23	4	49	2	57	81	85	97	90	64	92	70	53	26
0	0	0	0	0	0	0	0	0	0	0	0	0	0	0	0	0	0	0	0	0	0	0	0	0	0	0	0	0	0	0	0	0	0	0	0	0	0	0	0	0	0	0	0	0	0	0	0	0	0	0	0	0	0	0	0	0	0	0	0	16	23	60	15	35	84	21	6	33	16	86	36	29	14	28	78	88	31	33	50	24	67	74	49	47	45	48	15	77	35	1	70	92	79	51	68	47	28	1	37	18	85	2	70	52	89	33	13	96	99	99	45	62	4	45	68	58	99	39	84	18	49	66	32	61	4	61	58	73	7	31	70	34	83	73	69	17	83	35	59	72	13	70	14	92	69	44	69	49	17	68	85	73	5	73	16	64	52	90	7	72	31	0	46	37	81	40	76	58	73	93	29	2	52	13	57	58	55	56	37	4	41	66	84	48	13	19	24	11	72	29	41	25	38	25	72	33	71	74	13
0	0	0	0	0	0	0	0	0	0	0	0	0	0	0	0	0	0	0	0	0	0	0	0	0	0	0	0	0	0	0	0	0	0	0	0	0	0	0	0	0	0	0	0	0	0	0	0	0	0	0	0	0	0	0	0	0	0	0	0	0	17	85	95	26	80	73	57	58	31	32	34	70	95	63	21	91	16	95	98	51	40	87	15	46	28	35	32	73	28	31	48	98	79	45	41	34	21	56	14	32	5	38	96	28	54	73	18	4	65	78	91	26	99	50	11	43	29	62	99	40	78	87	69	52	48	76	75	46	78	32	83	49	14	43	4	45	90	65	85	57	59	9	7	75	38	81	90	88	19	88	4	62	29	0	46	76	43	10	17	81	81	30	16	0	55	1	25	36	55	35	65	0	30	51	60	18	51	91	55	29	64	51	69	2	91	5	59	8	38	23	11	0	4	86	94	24	47	35	74
0	0	0	0	0	0	0	0	0	0	0	0	0	0	0	0	0	0	0	0	0	0	0	0	0	0	0	0	0	0	0	0	0	0	0	0	0	0	0	0	0	0	0	0	0	0	0	0	0	0	0	0	0	0	0	0	0	0	0	0	0	0	82	27	96	87	30	61	65	32	30	5	77	59	6	50	61	57	84	35	19	87	57	11	19	49	6	94	79	53	46	64	2	53	1	12	64	95	87	81	80	33	11	21	55	53	35	18	84	43	97	57	10	22	63	63	66	27	87	48	78	68	27	20	48	89	25	21	23	55	71	34	21	97	5	57	76	2	56	3	74	61	56	2	73	90	69	74	33	77	8	5	7	83	45	28	50	53	57	82	12	6	61	51	46	10	18	79	57	9	60	27	59	14	21	17	21	8	45	27	27	67	36	53	33	12	29	20	25	23	1	11	40	78	55	22	57	86	95	39
0	0	0	0	0	0	0	0	0	0	0	0	0	0	0	0	0	0	0	0	0	0	0	0	0	0	0	0	0	0	0	0	0	0	0	0	0	0	0	0	0	0	0	0	0	0	0	0	0	0	0	0	0	0	0	0	0	0	0	0	0	0	0	66	15	17	36	65	61	37	90	42	14	62	35	40	93	56	36	69	76	51	75	40	94	17	17	26	75	72	89	25	88	2	83	14	67	41	83	93	16	64	66	7	68	63	78	48	79	87	27	99	61	63	11	51	74	50	79	4	66	19	73	18	59	66	29	50	90	18	32	84	82	84	79	57	69	42	92	43	81	38	9	58	27	13	90	22	62	68	46	59	34	18	45	17	89	8	28	66	0	10	38	93	35	24	87	28	14	69	13	62	79	87	62	59	9	96	85	77	4	38	5	46	92	95	91	20	77	35	68	49	56	58	86	39	3	9	2	67
0	0	0	0	0	0	0	0	0	0	0	0	0	0	0	0	0	0	0	0	0	0	0	0	0	0	0	0	0	0	0	0	0	0	0	0	0	0	0	0	0	0	0	0	0	0	0	0	0	0	0	0	0	0	0	0	0	0	0	0	0	0	0	0	10	13	32	7	90	41	71	42	40	90	19	97	83	24	43	63	60	43	25	37	7	47	94	52	10	42	36	84	38	17	82	83	78	27	58	28	64	37	71	46	19	2	46	81	43	3	19	71	85	86	84	71	6	77	97	7	96	14	68	20	40	55	25	76	69	69	35	12	46	33	34	4	47	35	72	16	8	94	34	69	16	12	44	2	0	53	29	5	99	98	58	25	17	80	10	73	56	88	7	63	37	9	80	31	40	2	6	8	10	85	46	6	80	21	89	98	80	57	51	71	57	70	33	13	49	47	6	75	47	56	6	89	95	16	82	21
0	0	0	0	0	0	0	0	0	0	0	0	0	0	0	0	0	0	0	0	0	0	0	0	0	0	0	0	0	0	0	0	0	0	0	0	0	0	0	0	0	0	0	0	0	0	0	0	0	0	0	0	0	0	0	0	0	0	0	0	0	0	0	0	0	77	92	60	8	65	13	34	66	78	29	14	11	58	39	17	4	42	38	55	34	40	97	56	22	33	92	35	98	9	30	47	12	38	7	30	25	89	69	18	69	41	52	96	93	6	83	81	69	97	65	70	2	26	81	4	9	94	6	55	39	0	76	87	76	0	96	11	57	78	34	27	6	97	82	71	9	80	28	35	42	75	41	82	40	15	71	38	69	95	69	42	46	46	17	74	70	87	3	12	26	84	75	44	89	0	90	47	78	56	2	81	15	27	40	21	12	35	0	62	33	36	60	87	41	97	14	33	10	70	8	41	82	23	85	97
0	0	0	0	0	0	0	0	0	0	0	0	0	0	0	0	0	0	0	0	0	0	0	0	0	0	0	0	0	0	0	0	0	0	0	0	0	0	0	0	0	0	0	0	0	0	0	0	0	0	0	0	0	0	0	0	0	0	0	0	0	0	0	0	0	0	48	56	94	76	27	66	90	41	3	50	91	61	98	70	35	57	67	96	53	8	79	43	38	55	52	33	50	50	3	64	23	99	9	89	28	93	7	66	27	15	63	59	15	27	75	92	9	46	9	87	38	71	56	30	25	64	59	89	83	42	12	45	33	65	97	44	41	31	31	8	86	73	6	3	34	75	90	97	49	78	87	86	24	9	17	45	68	57	32	94	50	39	41	35	4	75	71	12	45	2	64	84	18	25	33	42	57	1	14	14	28	91	30	89	27	58	8	75	50	81	82	79	18	23	35	22	23	89	72	50	33	49	91	18
0	0	0	0	0	0	0	0	0	0	0	0	0	0	0	0	0	0	0	0	0	0	0	0	0	0	0	0	0	0	0	0	0	0	0	0	0	0	0	0	0	0	0	0	0	0	0	0	0	0	0	0	0	0	0	0	0	0	0	0	0	0	0	0	0	0	0	95	94	8	79	24	69	29	97	24	47	6	47	47	37	87	46	27	44	22	69	17	23	12	78	26	36	0	98	11	58	94	50	70	40	99	34	31	58	70	19	84	70	47	9	76	8	0	93	36	10	24	27	21	78	94	20	54	98	62	10	43	47	47	49	74	20	21	16	9	57	90	53	57	62	80	58	26	53	81	43	69	40	32	42	71	14	84	86	3	50	15	97	7	81	69	73	32	9	83	61	0	14	63	9	81	17	18	51	25	49	81	94	57	37	65	69	15	13	14	22	12	9	87	21	22	40	56	23	11	51	92	56	63
0	0	0	0	0	0	0	0	0	0	0	0	0	0	0	0	0	0	0	0	0	0	0	0	0	0	0	0	0	0	0	0	0	0	0	0	0	0	0	0	0	0	0	0	0	0	0	0	0	0	0	0	0	0	0	0	0	0	0	0	0	0	0	0	0	0	0	0	64	82	4	80	46	4	51	69	23	88	53	32	70	19	81	89	72	44	66	69	69	81	19	20	59	56	75	11	30	13	9	93	37	4	47	77	78	47	71	53	25	99	8	46	37	8	73	81	15	18	55	50	73	6	70	8	4	86	6	13	11	90	57	28	47	96	40	60	7	71	47	31	1	40	34	60	52	94	18	19	49	41	22	56	81	57	86	72	93	89	58	68	5	54	12	86	31	70	61	18	47	79	26	97	76	13	65	98	34	62	88	3	68	43	13	59	82	12	61	58	3	28	49	73	8	66	17	32	4	18	52	26
0	0	0	0	0	0	0	0	0	0	0	0	0	0	0	0	0	0	0	0	0	0	0	0	0	0	0	0	0	0	0	0	0	0	0	0	0	0	0	0	0	0	0	0	0	0	0	0	0	0	0	0	0	0	0	0	0	0	0	0	0	0	0	0	0	0	0	0	0	85	41	40	44	46	57	96	75	12	47	9	4	34	30	18	77	23	9	16	99	41	73	61	55	53	38	73	94	96	97	95	48	42	54	2	65	66	96	59	27	24	98	4	68	52	65	92	73	80	80	86	83	29	27	79	54	3	21	19	64	45	97	44	49	81	33	63	38	14	18	86	74	52	23	3	73	29	84	42	24	49	42	88	6	13	90	56	71	34	8	64	70	48	24	37	68	26	76	0	40	84	67	89	38	39	49	35	45	71	47	86	12	3	67	17	8	42	67	34	13	86	27	83	52	53	20	69	98	81	28	89
0	0	0	0	0	0	0	0	0	0	0	0	0	0	0	0	0	0	0	0	0	0	0	0	0	0	0	0	0	0	0	0	0	0	0	0	0	0	0	0	0	0	0	0	0	0	0	0	0	0	0	0	0	0	0	0	0	0	0	0	0	0	0	0	0	0	0	0	0	0	43	13	84	20	32	38	17	67	90	76	66	94	37	21	35	46	61	16	12	35	37	88	42	89	30	4	71	51	22	51	88	33	67	96	55	51	14	52	11	43	65	93	86	60	10	67	41	98	29	43	19	62	62	87	24	73	67	84	25	65	81	15	25	25	31	15	98	50	63	45	86	36	74	98	18	67	15	58	98	59	88	30	39	18	72	83	57	0	29	18	52	74	70	57	23	28	69	76	76	62	64	17	51	98	61	34	89	67	84	21	5	21	1	38	4	37	80	57	22	38	34	14	93	62	77	97	65	39	11	40
0	0	0	0	0	0	0	0	0	0	0	0	0	0	0	0	0	0	0	0	0	0	0	0	0	0	0	0	0	0	0	0	0	0	0	0	0	0	0	0	0	0	0	0	0	0	0	0	0	0	0	0	0	0	0	0	0	0	0	0	0	0	0	0	0	0	0	0	0	0	0	33	73	8	69	70	68	66	3	5	71	66	44	88	29	78	91	34	78	93	83	11	34	52	56	69	29	7	84	4	65	71	83	61	12	27	0	34	35	33	83	54	89	93	15	60	39	21	85	25	88	32	7	24	36	49	56	23	86	75	69	72	79	75	37	53	63	18	46	56	54	78	51	86	84	48	55	28	86	60	79	42	73	64	17	44	5	70	97	18	87	70	8	68	96	93	61	7	74	56	44	68	74	64	71	50	84	23	87	46	66	81	91	44	36	18	39	44	53	23	80	72	7	7	58	49	77	79	44	97
0	0	0	0	0	0	0	0	0	0	0	0	0	0	0	0	0	0	0	0	0	0	0	0	0	0	0	0	0	0	0	0	0	0	0	0	0	0	0	0	0	0	0	0	0	0	0	0	0	0	0	0	0	0	0	0	0	0	0	0	0	0	0	0	0	0	0	0	0	0	0	0	14	10	41	57	58	37	38	27	49	83	47	11	24	81	27	98	85	25	71	84	63	56	25	49	18	62	22	91	5	42	46	34	33	39	21	0	19	55	49	84	51	75	43	26	68	36	67	90	43	57	77	63	4	25	8	91	12	60	96	97	85	58	55	78	44	36	40	80	57	0	76	89	2	79	48	88	13	66	85	15	36	15	43	30	75	66	72	44	69	4	37	36	8	27	38	61	16	8	75	23	46	14	99	66	54	24	29	9	32	35	63	70	83	22	35	65	68	47	62	86	17	55	59	27	63	41	85	15
0	0	0	0	0	0	0	0	0	0	0	0	0	0	0	0	0	0	0	0	0	0	0	0	0	0	0	0	0	0	0	0	0	0	0	0	0	0	0	0	0	0	0	0	0	0	0	0	0	0	0	0	0	0	0	0	0	0	0	0	0	0	0	0	0	0	0	0	0	0	0	0	0	59	7	69	34	41	82	62	83	47	25	27	45	16	7	7	25	56	74	44	31	93	79	30	3	88	24	56	52	90	39	90	37	39	42	98	20	20	76	32	33	61	91	28	11	42	57	99	94	59	96	82	69	75	68	28	98	78	19	56	9	36	35	26	22	46	92	2	75	91	0	82	26	0	25	62	19	17	55	43	87	64	47	30	30	13	4	64	55	39	73	93	50	13	27	92	89	74	45	54	32	63	10	24	48	96	64	9	47	62	63	65	10	55	24	75	55	60	4	85	14	75	93	89	64	54	65	42
0	0	0	0	0	0	0	0	0	0	0	0	0	0	0	0	0	0	0	0	0	0	0	0	0	0	0	0	0	0	0	0	0	0	0	0	0	0	0	0	0	0	0	0	0	0	0	0	0	0	0	0	0	0	0	0	0	0	0	0	0	0	0	0	0	0	0	0	0	0	0	0	0	0	68	41	10	61	87	52	14	54	18	53	23	31	53	76	39	91	2	60	46	97	84	75	97	96	12	87	16	15	31	55	63	46	30	21	27	15	75	53	59	36	4	92	94	10	14	96	13	34	59	71	54	5	1	28	97	89	92	49	81	76	31	31	82	33	80	64	10	53	53	75	47	5	70	35	22	9	85	29	70	18	54	92	47	17	85	39	37	56	49	98	52	42	75	23	91	23	88	88	2	78	44	61	85	26	40	75	6	92	23	40	98	91	37	51	5	43	37	29	25	76	89	2	70	35	36	30
0	0	0	0	0	0	0	0	0	0	0	0	0	0	0	0	0	0	0	0	0	0	0	0	0	0	0	0	0	0	0	0	0	0	0	0	0	0	0	0	0	0	0	0	0	0	0	0	0	0	0	0	0	0	0	0	0	0	0	0	0	0	0	0	0	0	0	0	0	0	0	0	0	0	0	32	67	92	4	88	86	9	32	12	35	67	40	70	24	68	57	1	44	42	73	21	11	84	21	69	30	99	42	82	14	1	21	6	59	82	99	46	65	40	19	21	55	69	55	59	64	43	19	27	62	64	60	90	31	67	48	28	30	56	20	73	20	83	67	84	21	8	79	36	36	0	71	96	80	12	82	9	96	97	18	48	29	95	5	49	25	6	82	64	88	94	25	66	20	38	97	44	42	73	99	28	66	67	95	50	56	23	11	83	4	58	15	24	69	31	4	61	88	96	14	96	0	54	46	17
0	0	0	0	0	0	0	0	0	0	0	0	0	0	0	0	0	0	0	0	0	0	0	0	0	0	0	0	0	0	0	0	0	0	0	0	0	0	0	0	0	0	0	0	0	0	0	0	0	0	0	0	0	0	0	0	0	0	0	0	0	0	0	0	0	0	0	0	0	0	0	0	0	0	0	0	2	54	78	29	25	38	55	41	36	46	60	21	44	70	96	89	1	5	50	14	34	88	90	82	9	95	89	79	61	41	65	51	82	98	67	34	28	25	74	36	20	68	73	30	76	58	70	63	14	91	30	8	39	43	61	49	74	20	6	62	0	14	20	8	5	67	47	33	85	28	66	51	20	27	19	44	39	81	2	38	95	56	15	8	37	74	70	89	29	50	41	94	93	41	89	10	58	72	11	52	57	73	50	78	19	8	9	93	67	21	70	10	57	91	83	4	36	35	22	35	34	31	84	69
0	0	0	0	0	0	0	0	0	0	0	0	0	0	0	0	0	0	0	0	0	0	0	0	0	0	0	0	0	0	0	0	0	0	0	0	0	0	0	0	0	0	0	0	0	0	0	0	0	0	0	0	0	0	0	0	0	0	0	0	0	0	0	0	0	0	0	0	0	0	0	0	0	0	0	0	0	52	30	38	87	25	54	55	1	64	26	18	11	86	74	32	48	90	76	44	6	3	65	79	78	16	77	19	34	19	47	44	40	89	30	49	51	63	93	58	2	93	14	74	89	35	26	96	52	5	80	59	6	93	25	54	99	36	96	71	70	26	84	79	87	51	43	12	89	50	48	20	20	10	37	38	97	64	80	60	71	51	36	78	50	7	77	37	55	38	48	4	92	66	4	21	74	39	83	90	69	37	44	98	99	17	47	42	9	84	51	24	23	6	65	79	7	98	86	55	82	88	62	88
0	0	0	0	0	0	0	0	0	0	0	0	0	0	0	0	0	0	0	0	0	0	0	0	0	0	0	0	0	0	0	0	0	0	0	0	0	0	0	0	0	0	0	0	0	0	0	0	0	0	0	0	0	0	0	0	0	0	0	0	0	0	0	0	0	0	0	0	0	0	0	0	0	0	0	0	0	0	75	0	28	98	57	45	16	98	60	89	81	28	87	23	57	90	21	60	72	25	57	36	5	80	17	29	55	65	24	70	88	93	20	90	71	0	28	8	72	78	89	92	42	13	76	31	86	58	68	27	27	83	2	66	25	47	71	60	70	98	73	18	4	85	74	34	90	82	74	18	31	45	40	64	41	49	33	11	13	6	50	41	39	5	84	8	90	23	97	24	80	20	72	94	77	10	30	52	21	10	49	17	55	10	90	56	87	6	92	93	84	30	24	18	45	52	64	58	95	16	71	36
0	0	0	0	0	0	0	0	0	0	0	0	0	0	0	0	0	0	0	0	0	0	0	0	0	0	0	0	0	0	0	0	0	0	0	0	0	0	0	0	0	0	0	0	0	0	0	0	0	0	0	0	0	0	0	0	0	0	0	0	0	0	0	0	0	0	0	0	0	0	0	0	0	0	0	0	0	0	0	49	91	83	12	7	26	66	58	43	44	19	98	45	83	19	29	59	41	24	18	18	30	77	3	25	87	66	39	0	89	19	52	72	60	57	93	66	8	45	6	25	37	86	13	54	15	17	49	7	96	0	86	64	67	85	75	58	63	21	36	25	16	58	64	82	31	25	92	78	7	60	55	6	45	64	65	73	6	75	35	35	95	57	69	28	23	77	90	93	79	67	17	58	84	50	41	14	35	12	36	84	45	97	41	52	99	46	28	57	28	46	99	85	37	52	26	20	31	24	5	29
0	0	0	0	0	0	0	0	0	0	0	0	0	0	0	0	0	0	0	0	0	0	0	0	0	0	0	0	0	0	0	0	0	0	0	0	0	0	0	0	0	0	0	0	0	0	0	0	0	0	0	0	0	0	0	0	0	0	0	0	0	0	0	0	0	0	0	0	0	0	0	0	0	0	0	0	0	0	0	0	28	99	74	72	13	94	98	13	76	50	28	98	41	44	53	89	59	68	28	0	85	20	10	91	3	39	22	86	27	95	83	88	5	36	34	86	31	11	79	43	19	52	89	10	35	0	2	29	78	62	22	94	73	5	87	37	33	27	13	20	76	69	92	72	23	0	82	7	6	44	53	95	8	72	91	15	7	49	72	69	32	20	69	97	19	11	10	84	37	60	27	97	44	75	88	73	81	77	79	21	42	89	19	99	78	51	85	53	56	80	0	21	64	74	71	47	57	16	43	4
0	0	0	0	0	0	0	0	0	0	0	0	0	0	0	0	0	0	0	0	0	0	0	0	0	0	0	0	0	0	0	0	0	0	0	0	0	0	0	0	0	0	0	0	0	0	0	0	0	0	0	0	0	0	0	0	0	0	0	0	0	0	0	0	0	0	0	0	0	0	0	0	0	0	0	0	0	0	0	0	0	74	14	7	85	68	91	64	24	36	68	70	31	67	83	1	76	90	92	81	12	68	60	68	65	11	55	38	14	86	64	79	81	98	93	11	93	85	24	59	77	36	26	34	82	53	34	75	49	79	5	5	97	18	22	22	52	72	17	27	4	91	2	73	10	89	20	13	75	97	80	89	12	88	93	53	8	16	60	46	92	46	93	14	70	54	40	14	27	80	23	18	60	54	46	9	88	56	93	18	93	18	75	10	44	68	82	97	23	60	55	9	2	82	19	12	1	96	77	58
0	0	0	0	0	0	0	0	0	0	0	0	0	0	0	0	0	0	0	0	0	0	0	0	0	0	0	0	0	0	0	0	0	0	0	0	0	0	0	0	0	0	0	0	0	0	0	0	0	0	0	0	0	0	0	0	0	0	0	0	0	0	0	0	0	0	0	0	0	0	0	0	0	0	0	0	0	0	0	0	0	0	70	46	24	38	54	52	97	76	79	51	19	73	26	78	1	71	6	93	68	67	97	81	31	4	30	44	85	74	25	88	67	76	40	67	25	53	82	13	67	89	66	77	73	4	34	87	15	3	57	83	73	6	56	35	31	63	9	31	69	18	30	26	74	92	42	14	3	29	49	65	22	80	62	99	96	81	69	31	89	82	51	53	88	69	75	7	55	43	43	0	29	70	48	42	34	12	55	12	64	35	9	68	32	81	74	48	85	13	55	44	73	97	21	32	60	43	94	87
0	0	0	0	0	0	0	0	0	0	0	0	0	0	0	0	0	0	0	0	0	0	0	0	0	0	0	0	0	0	0	0	0	0	0	0	0	0	0	0	0	0	0	0	0	0	0	0	0	0	0	0	0	0	0	0	0	0	0	0	0	0	0	0	0	0	0	0	0	0	0	0	0	0	0	0	0	0	0	0	0	0	0	84	55	67	58	15	3	24	13	16	38	84	16	53	50	88	59	29	9	88	80	10	96	96	13	93	19	46	59	35	69	86	24	41	35	94	94	8	12	76	61	72	21	41	31	54	60	17	84	75	3	9	72	52	49	13	89	37	52	60	18	11	23	85	98	67	48	24	56	52	83	50	51	60	73	49	77	71	79	48	72	49	79	64	40	71	33	5	14	88	69	64	47	42	57	29	98	72	37	40	43	23	54	21	23	59	19	6	25	39	84	37	12	32	74	31	19	91
0	0	0	0	0	0	0	0	0	0	0	0	0	0	0	0	0	0	0	0	0	0	0	0	0	0	0	0	0	0	0	0	0	0	0	0	0	0	0	0	0	0	0	0	0	0	0	0	0	0	0	0	0	0	0	0	0	0	0	0	0	0	0	0	0	0	0	0	0	0	0	0	0	0	0	0	0	0	0	0	0	0	0	0	13	40	75	98	12	69	71	50	18	45	62	63	66	63	59	37	70	8	57	34	50	25	11	92	95	45	22	62	43	95	86	23	62	30	31	96	31	40	77	4	11	57	19	38	0	49	85	93	87	70	42	19	18	25	12	93	56	6	11	43	66	19	89	65	11	19	76	53	82	37	15	44	40	9	98	1	81	41	41	17	12	96	16	97	35	84	80	65	10	38	92	18	63	16	58	56	59	15	25	70	75	76	69	70	45	21	25	68	31	20	90	23	51	79	64	77
0	0	0	0	0	0	0	0	0	0	0	0	0	0	0	0	0	0	0	0	0	0	0	0	0	0	0	0	0	0	0	0	0	0	0	0	0	0	0	0	0	0	0	0	0	0	0	0	0	0	0	0	0	0	0	0	0	0	0	0	0	0	0	0	0	0	0	0	0	0	0	0	0	0	0	0	0	0	0	0	0	0	0	0	0	70	31	58	49	98	96	87	55	43	86	96	31	73	83	18	74	20	76	24	86	26	33	62	68	70	98	69	33	78	44	87	35	22	17	59	30	16	16	78	31	77	29	73	95	30	85	67	45	24	45	99	40	98	90	15	49	92	18	13	25	18	90	27	57	75	19	50	26	20	78	3	97	65	44	13	69	18	67	16	36	12	21	19	51	46	39	34	62	67	5	66	73	22	57	21	37	22	69	24	58	37	31	48	29	7	68	53	3	96	20	85	42	38	82	12
0	0	0	0	0	0	0	0	0	0	0	0	0	0	0	0	0	0	0	0	0	0	0	0	0	0	0	0	0	0	0	0	0	0	0	0	0	0	0	0	0	0	0	0	0	0	0	0	0	0	0	0	0	0	0	0	0	0	0	0	0	0	0	0	0	0	0	0	0	0	0	0	0	0	0	0	0	0	0	0	0	0	0	0	0	0	9	50	36	93	79	6	62	74	19	20	49	98	23	98	66	28	90	69	45	87	64	20	0	65	94	5	64	34	56	80	84	41	52	18	17	6	20	90	15	62	48	38	74	8	69	59	27	51	66	54	46	62	22	83	61	56	46	46	64	19	1	78	9	2	98	41	70	20	10	9	50	53	28	97	0	53	54	5	4	0	2	68	44	16	9	97	47	2	27	89	66	0	46	78	75	28	81	40	67	94	57	81	27	21	71	13	32	51	83	49	92	68	14	37
0	0	0	0	0	0	0	0	0	0	0	0	0	0	0	0	0	0	0	0	0	0	0	0	0	0	0	0	0	0	0	0	0	0	0	0	0	0	0	0	0	0	0	0	0	0	0	0	0	0	0	0	0	0	0	0	0	0	0	0	0	0	0	0	0	0	0	0	0	0	0	0	0	0	0	0	0	0	0	0	0	0	0	0	0	0	0	13	60	71	88	61	88	1	30	28	5	53	6	39	91	38	59	5	18	92	26	11	26	96	25	89	32	58	50	16	94	1	43	20	4	56	34	88	34	24	67	1	38	33	29	32	62	25	82	15	3	11	50	66	1	61	43	54	91	3	4	48	75	5	36	38	59	91	58	44	39	75	50	64	51	27	39	47	30	58	93	64	9	59	27	4	45	65	69	9	55	25	88	43	50	32	34	73	57	68	77	44	8	16	32	28	56	37	93	19	70	45	35	26
0	0	0	0	0	0	0	0	0	0	0	0	0	0	0	0	0	0	0	0	0	0	0	0	0	0	0	0	0	0	0	0	0	0	0	0	0	0	0	0	0	0	0	0	0	0	0	0	0	0	0	0	0	0	0	0	0	0	0	0	0	0	0	0	0	0	0	0	0	0	0	0	0	0	0	0	0	0	0	0	0	0	0	0	0	0	0	0	59	3	40	76	83	47	20	42	66	64	40	38	92	63	41	71	53	92	46	9	84	17	81	50	93	55	62	90	15	98	33	65	39	71	54	59	99	21	88	3	91	5	42	41	45	7	51	82	33	30	5	7	76	20	40	63	7	12	34	30	44	17	83	11	8	72	95	56	96	93	12	21	57	79	58	31	88	98	58	64	0	43	94	97	39	67	67	88	4	48	50	91	58	25	1	65	82	77	93	80	10	36	73	25	58	46	38	69	5	45	59	88
0	0	0	0	0	0	0	0	0	0	0	0	0	0	0	0	0	0	0	0	0	0	0	0	0	0	0	0	0	0	0	0	0	0	0	0	0	0	0	0	0	0	0	0	0	0	0	0	0	0	0	0	0	0	0	0	0	0	0	0	0	0	0	0	0	0	0	0	0	0	0	0	0	0	0	0	0	0	0	0	0	0	0	0	0	0	0	0	0	30	98	6	32	50	59	32	59	45	44	61	11	72	20	30	48	61	91	55	3	6	26	39	30	69	99	24	11	98	64	78	83	47	63	39	28	36	96	88	10	10	27	27	51	19	20	32	11	61	21	74	81	40	43	66	4	18	1	92	28	20	19	7	83	19	55	28	44	42	34	83	88	72	29	64	42	34	71	97	18	22	95	97	61	87	43	74	83	45	53	84	69	41	42	33	25	26	93	94	81	11	25	76	2	37	79	49	6	70	19	25
0	0	0	0	0	0	0	0	0	0	0	0	0	0	0	0	0	0	0	0	0	0	0	0	0	0	0	0	0	0	0	0	0	0	0	0	0	0	0	0	0	0	0	0	0	0	0	0	0	0	0	0	0	0	0	0	0	0	0	0	0	0	0	0	0	0	0	0	0	0	0	0	0	0	0	0	0	0	0	0	0	0	0	0	0	0	0	0	0	0	9	8	34	64	3	36	66	82	7	42	82	70	61	13	68	86	78	48	78	83	75	96	29	36	46	15	93	37	84	99	33	66	8	19	62	51	37	78	8	31	76	88	29	9	25	59	39	4	29	69	61	78	17	45	2	4	41	4	53	36	52	88	77	58	55	15	13	99	25	26	97	97	11	33	89	9	81	88	73	39	66	61	34	27	88	49	59	1	24	33	29	94	29	53	63	7	23	92	57	75	24	75	84	8	39	96	98	35	33	7
0	0	0	0	0	0	0	0	0	0	0	0	0	0	0	0	0	0	0	0	0	0	0	0	0	0	0	0	0	0	0	0	0	0	0	0	0	0	0	0	0	0	0	0	0	0	0	0	0	0	0	0	0	0	0	0	0	0	0	0	0	0	0	0	0	0	0	0	0	0	0	0	0	0	0	0	0	0	0	0	0	0	0	0	0	0	0	0	0	0	0	76	29	53	76	38	31	35	28	26	22	90	35	45	92	84	43	31	99	27	74	46	51	57	94	11	96	88	29	49	2	36	29	86	40	6	22	64	77	36	87	45	45	35	44	20	1	24	70	13	2	55	5	15	36	53	14	64	96	2	1	73	90	87	17	24	49	6	0	25	69	52	34	17	32	55	82	26	45	50	33	32	2	39	2	0	80	80	36	76	37	13	34	19	32	9	20	35	32	23	60	92	71	18	40	35	13	98	96	28
0	0	0	0	0	0	0	0	0	0	0	0	0	0	0	0	0	0	0	0	0	0	0	0	0	0	0	0	0	0	0	0	0	0	0	0	0	0	0	0	0	0	0	0	0	0	0	0	0	0	0	0	0	0	0	0	0	0	0	0	0	0	0	0	0	0	0	0	0	0	0	0	0	0	0	0	0	0	0	0	0	0	0	0	0	0	0	0	0	0	0	0	29	62	12	38	37	67	15	34	61	81	91	63	87	33	25	89	54	0	62	69	97	19	43	81	16	60	6	9	44	65	9	97	12	16	21	53	52	59	49	92	91	61	24	90	26	19	98	90	34	21	62	27	75	65	69	57	75	59	11	8	3	6	59	98	10	11	37	31	59	48	92	43	52	68	23	39	21	29	61	8	68	27	48	12	4	33	23	87	88	10	44	88	16	95	97	38	48	32	66	78	74	36	1	90	86	17	27	54
0	0	0	0	0	0	0	0	0	0	0	0	0	0	0	0	0	0	0	0	0	0	0	0	0	0	0	0	0	0	0	0	0	0	0	0	0	0	0	0	0	0	0	0	0	0	0	0	0	0	0	0	0	0	0	0	0	0	0	0	0	0	0	0	0	0	0	0	0	0	0	0	0	0	0	0	0	0	0	0	0	0	0	0	0	0	0	0	0	0	0	0	0	49	77	38	75	18	48	21	30	66	15	27	80	44	91	84	29	12	75	34	33	64	30	52	59	92	25	34	73	56	45	28	45	62	18	49	11	2	81	5	24	74	0	30	51	57	51	28	23	59	26	44	40	40	86	35	38	6	2	20	1	15	12	55	43	32	32	79	89	99	45	83	57	59	86	69	76	13	5	87	57	85	32	18	54	76	40	65	7	12	31	52	93	2	61	84	36	67	36	22	85	58	29	95	3	11	3	82
0	0	0	0	0	0	0	0	0	0	0	0	0	0	0	0	0	0	0	0	0	0	0	0	0	0	0	0	0	0	0	0	0	0	0	0	0	0	0	0	0	0	0	0	0	0	0	0	0	0	0	0	0	0	0	0	0	0	0	0	0	0	0	0	0	0	0	0	0	0	0	0	0	0	0	0	0	0	0	0	0	0	0	0	0	0	0	0	0	0	0	0	0	0	40	48	47	38	65	29	45	56	84	86	87	37	86	42	13	64	13	1	29	6	59	42	52	47	2	37	49	6	8	8	62	31	3	97	66	28	45	77	6	86	69	48	0	57	55	48	42	2	62	52	88	18	2	50	54	63	88	6	68	88	18	15	27	98	19	31	29	30	19	15	70	59	41	9	99	33	90	17	28	56	4	4	61	35	19	19	96	0	51	93	19	64	87	15	50	53	30	81	81	32	61	35	25	25	41	62
0	0	0	0	0	0	0	0	0	0	0	0	0	0	0	0	0	0	0	0	0	0	0	0	0	0	0	0	0	0	0	0	0	0	0	0	0	0	0	0	0	0	0	0	0	0	0	0	0	0	0	0	0	0	0	0	0	0	0	0	0	0	0	0	0	0	0	0	0	0	0	0	0	0	0	0	0	0	0	0	0	0	0	0	0	0	0	0	0	0	0	0	0	0	0	12	6	43	26	29	8	38	7	21	33	75	9	68	24	52	8	18	39	40	46	47	30	52	4	94	45	4	59	82	23	88	17	94	43	97	79	35	24	48	92	99	22	34	59	33	89	19	5	65	24	21	46	15	95	84	18	44	93	64	41	92	5	91	96	65	37	66	92	17	66	6	92	25	47	64	26	68	69	43	87	59	92	50	84	93	18	22	94	78	13	53	66	36	99	65	31	11	64	0	4	87	53	13	61	49
0	0	0	0	0	0	0	0	0	0	0	0	0	0	0	0	0	0	0	0	0	0	0	0	0	0	0	0	0	0	0	0	0	0	0	0	0	0	0	0	0	0	0	0	0	0	0	0	0	0	0	0	0	0	0	0	0	0	0	0	0	0	0	0	0	0	0	0	0	0	0	0	0	0	0	0	0	0	0	0	0	0	0	0	0	0	0	0	0	0	0	0	0	0	0	0	11	21	18	83	2	16	67	16	2	3	8	92	65	83	36	24	45	59	10	3	77	50	64	66	23	20	40	62	40	5	26	63	28	25	71	92	54	23	15	46	79	59	70	94	31	46	73	32	28	6	53	46	15	27	77	46	19	22	92	24	93	37	83	92	70	68	21	13	71	39	69	23	30	80	81	6	59	47	4	92	38	38	55	96	17	67	9	69	59	79	56	27	35	89	37	52	2	70	15	68	95	36	21	35
0	0	0	0	0	0	0	0	0	0	0	0	0	0	0	0	0	0	0	0	0	0	0	0	0	0	0	0	0	0	0	0	0	0	0	0	0	0	0	0	0	0	0	0	0	0	0	0	0	0	0	0	0	0	0	0	0	0	0	0	0	0	0	0	0	0	0	0	0	0	0	0	0	0	0	0	0	0	0	0	0	0	0	0	0	0	0	0	0	0	0	0	0	0	0	0	0	52	85	42	69	19	79	41	68	33	26	23	81	92	79	96	69	43	9	52	18	38	42	66	83	43	58	34	60	80	79	61	56	37	73	33	57	66	74	73	82	82	12	14	97	14	46	15	62	77	0	19	97	81	79	8	24	78	10	70	53	88	99	35	63	60	41	54	16	60	11	50	20	64	18	52	32	8	97	97	46	58	38	70	20	62	4	59	84	39	8	7	44	42	45	66	19	25	94	69	60	77	22	10
0	0	0	0	0	0	0	0	0	0	0	0	0	0	0	0	0	0	0	0	0	0	0	0	0	0	0	0	0	0	0	0	0	0	0	0	0	0	0	0	0	0	0	0	0	0	0	0	0	0	0	0	0	0	0	0	0	0	0	0	0	0	0	0	0	0	0	0	0	0	0	0	0	0	0	0	0	0	0	0	0	0	0	0	0	0	0	0	0	0	0	0	0	0	0	0	0	0	38	44	34	96	42	70	83	82	91	13	86	17	75	72	98	22	14	29	98	76	47	38	64	42	50	41	50	85	55	97	23	77	50	17	26	32	24	48	36	51	85	35	40	36	47	71	76	49	31	48	30	23	12	87	61	60	89	88	86	63	12	71	95	29	54	28	47	86	5	75	73	55	61	87	67	30	14	75	91	24	91	29	93	6	46	55	34	95	60	93	98	79	4	5	30	16	90	16	25	83	13	37
0	0	0	0	0	0	0	0	0	0	0	0	0	0	0	0	0	0	0	0	0	0	0	0	0	0	0	0	0	0	0	0	0	0	0	0	0	0	0	0	0	0	0	0	0	0	0	0	0	0	0	0	0	0	0	0	0	0	0	0	0	0	0	0	0	0	0	0	0	0	0	0	0	0	0	0	0	0	0	0	0	0	0	0	0	0	0	0	0	0	0	0	0	0	0	0	0	0	0	33	14	27	91	77	21	34	8	38	83	2	24	87	2	40	73	54	79	94	68	18	49	1	6	22	77	44	39	32	43	80	27	72	72	31	95	76	23	2	98	45	35	59	72	24	90	89	65	46	77	68	83	26	36	40	58	6	25	30	49	84	73	14	66	87	2	72	80	45	25	58	41	41	47	47	14	32	40	42	39	29	7	78	31	49	73	50	17	55	59	12	31	45	46	99	92	33	31	7	69	20
0	0	0	0	0	0	0	0	0	0	0	0	0	0	0	0	0	0	0	0	0	0	0	0	0	0	0	0	0	0	0	0	0	0	0	0	0	0	0	0	0	0	0	0	0	0	0	0	0	0	0	0	0	0	0	0	0	0	0	0	0	0	0	0	0	0	0	0	0	0	0	0	0	0	0	0	0	0	0	0	0	0	0	0	0	0	0	0	0	0	0	0	0	0	0	0	0	0	0	0	90	59	21	30	12	29	29	35	94	48	79	64	12	51	87	17	72	58	71	95	3	71	16	95	50	36	99	83	35	96	11	77	0	59	38	42	12	94	10	84	33	96	81	89	13	64	12	0	49	56	33	70	89	43	65	73	77	87	33	36	58	94	90	72	37	48	44	35	65	46	88	65	57	29	21	87	39	32	89	0	36	8	81	74	97	4	90	57	95	78	28	5	33	86	17	9	58	92	27	21
0	0	0	0	0	0	0	0	0	0	0	0	0	0	0	0	0	0	0	0	0	0	0	0	0	0	0	0	0	0	0	0	0	0	0	0	0	0	0	0	0	0	0	0	0	0	0	0	0	0	0	0	0	0	0	0	0	0	0	0	0	0	0	0	0	0	0	0	0	0	0	0	0	0	0	0	0	0	0	0	0	0	0	0	0	0	0	0	0	0	0	0	0	0	0	0	0	0	0	0	0	26	52	76	96	81	30	7	23	19	32	67	35	44	54	4	2	40	45	22	1	27	44	50	53	35	67	64	24	98	1	31	55	4	73	53	27	6	49	83	68	53	48	29	66	42	63	30	31	61	75	90	75	19	37	49	24	0	54	49	73	15	78	0	77	6	77	48	8	4	30	17	55	3	12	81	22	10	73	99	7	33	70	77	49	57	85	99	59	9	11	81	39	31	3	99	88	28	51	88
0	0	0	0	0	0	0	0	0	0	0	0	0	0	0	0	0	0	0	0	0	0	0	0	0	0	0	0	0	0	0	0	0	0	0	0	0	0	0	0	0	0	0	0	0	0	0	0	0	0	0	0	0	0	0	0	0	0	0	0	0	0	0	0	0	0	0	0	0	0	0	0	0	0	0	0	0	0	0	0	0	0	0	0	0	0	0	0	0	0	0	0	0	0	0	0	0	0	0	0	0	0	12	71	63	73	99	3	11	35	5	20	46	7	98	99	93	7	28	97	85	2	53	25	94	14	32	91	13	94	35	86	20	50	35	11	41	31	12	0	38	52	24	91	97	3	39	90	81	46	56	21	91	37	11	44	6	52	98	27	42	30	39	89	8	46	45	67	53	91	47	54	4	51	34	68	26	69	14	77	77	23	89	51	49	11	88	55	48	2	47	59	16	76	15	95	58	75	2	93
0	0	0	0	0	0	0	0	0	0	0	0	0	0	0	0	0	0	0	0	0	0	0	0	0	0	0	0	0	0	0	0	0	0	0	0	0	0	0	0	0	0	0	0	0	0	0	0	0	0	0	0	0	0	0	0	0	0	0	0	0	0	0	0	0	0	0	0	0	0	0	0	0	0	0	0	0	0	0	0	0	0	0	0	0	0	0	0	0	0	0	0	0	0	0	0	0	0	0	0	0	0	0	54	65	99	26	62	33	45	83	21	26	71	21	94	93	99	76	34	22	84	48	39	93	21	70	18	22	7	23	39	97	98	79	48	14	21	67	24	34	16	76	59	99	80	4	76	49	58	36	6	53	56	61	60	44	37	34	52	41	4	30	63	61	97	13	35	68	32	5	41	77	50	11	2	50	54	85	27	86	97	11	93	88	91	2	23	40	23	21	22	2	9	22	45	31	90	33	27
0	0	0	0	0	0	0	0	0	0	0	0	0	0	0	0	0	0	0	0	0	0	0	0	0	0	0	0	0	0	0	0	0	0	0	0	0	0	0	0	0	0	0	0	0	0	0	0	0	0	0	0	0	0	0	0	0	0	0	0	0	0	0	0	0	0	0	0	0	0	0	0	0	0	0	0	0	0	0	0	0	0	0	0	0	0	0	0	0	0	0	0	0	0	0	0	0	0	0	0	0	0	0	0	84	84	80	43	15	21	99	56	1	91	25	2	10	26	60	0	22	74	1	27	61	19	95	56	35	62	50	18	50	35	81	29	63	42	69	19	59	15	65	44	50	14	54	57	89	55	77	5	69	32	64	29	9	33	54	14	30	96	98	90	99	70	50	19	71	41	67	76	13	50	17	14	39	28	62	70	72	22	48	62	28	21	46	45	7	52	40	81	13	67	31	8	5	41	20	71
0	0	0	0	0	0	0	0	0	0	0	0	0	0	0	0	0	0	0	0	0	0	0	0	0	0	0	0	0	0	0	0	0	0	0	0	0	0	0	0	0	0	0	0	0	0	0	0	0	0	0	0	0	0	0	0	0	0	0	0	0	0	0	0	0	0	0	0	0	0	0	0	0	0	0	0	0	0	0	0	0	0	0	0	0	0	0	0	0	0	0	0	0	0	0	0	0	0	0	0	0	0	0	0	0	33	38	58	36	42	96	11	6	58	32	64	51	90	53	9	62	47	26	72	82	37	18	66	80	98	94	88	13	97	38	39	24	42	76	91	32	30	38	31	52	5	2	93	53	4	97	30	37	86	26	72	1	35	46	48	43	91	37	33	5	26	90	2	66	28	87	93	43	36	92	92	29	78	23	32	99	18	46	73	27	45	14	24	70	54	19	98	38	58	44	74	99	93	1	79
0	0	0	0	0	0	0	0	0	0	0	0	0	0	0	0	0	0	0	0	0	0	0	0	0	0	0	0	0	0	0	0	0	0	0	0	0	0	0	0	0	0	0	0	0	0	0	0	0	0	0	0	0	0	0	0	0	0	0	0	0	0	0	0	0	0	0	0	0	0	0	0	0	0	0	0	0	0	0	0	0	0	0	0	0	0	0	0	0	0	0	0	0	0	0	0	0	0	0	0	0	0	0	0	0	0	41	97	16	40	42	41	50	83	12	31	31	13	10	71	8	91	92	76	57	68	61	66	74	95	57	42	60	36	36	45	55	60	70	67	90	8	85	33	40	12	12	59	80	48	14	47	39	8	73	59	99	6	5	22	56	1	12	90	25	74	83	19	76	34	75	4	46	54	83	94	5	46	23	85	52	90	50	67	19	72	68	74	49	92	10	78	15	98	92	0	86	72	1	74
0	0	0	0	0	0	0	0	0	0	0	0	0	0	0	0	0	0	0	0	0	0	0	0	0	0	0	0	0	0	0	0	0	0	0	0	0	0	0	0	0	0	0	0	0	0	0	0	0	0	0	0	0	0	0	0	0	0	0	0	0	0	0	0	0	0	0	0	0	0	0	0	0	0	0	0	0	0	0	0	0	0	0	0	0	0	0	0	0	0	0	0	0	0	0	0	0	0	0	0	0	0	0	0	0	0	0	24	28	42	30	99	45	41	75	7	71	60	43	39	66	95	87	24	50	55	29	18	45	14	64	36	86	72	11	75	39	42	87	74	64	22	23	41	85	95	54	97	17	84	56	76	0	41	50	14	96	57	84	99	13	79	61	43	3	39	50	81	90	10	69	84	40	15	78	65	55	20	43	2	73	45	59	43	8	51	69	56	56	78	31	23	9	33	83	40	83	75	11	71
0	0	0	0	0	0	0	0	0	0	0	0	0	0	0	0	0	0	0	0	0	0	0	0	0	0	0	0	0	0	0	0	0	0	0	0	0	0	0	0	0	0	0	0	0	0	0	0	0	0	0	0	0	0	0	0	0	0	0	0	0	0	0	0	0	0	0	0	0	0	0	0	0	0	0	0	0	0	0	0	0	0	0	0	0	0	0	0	0	0	0	0	0	0	0	0	0	0	0	0	0	0	0	0	0	0	0	0	21	64	93	13	17	61	14	15	57	21	55	91	15	45	70	25	11	6	83	16	51	82	83	30	88	9	18	39	59	44	57	97	20	21	63	4	98	4	77	73	21	93	82	53	26	70	0	81	96	38	41	28	44	14	38	65	46	11	69	3	51	40	56	84	84	20	66	86	57	13	74	21	87	46	31	86	16	10	65	64	91	46	50	85	89	96	85	68	80	99	49	2
0	0	0	0	0	0	0	0	0	0	0	0	0	0	0	0	0	0	0	0	0	0	0	0	0	0	0	0	0	0	0	0	0	0	0	0	0	0	0	0	0	0	0	0	0	0	0	0	0	0	0	0	0	0	0	0	0	0	0	0	0	0	0	0	0	0	0	0	0	0	0	0	0	0	0	0	0	0	0	0	0	0	0	0	0	0	0	0	0	0	0	0	0	0	0	0	0	0	0	0	0	0	0	0	0	0	0	0	0	31	44	64	7	0	11	34	87	88	14	41	27	46	10	10	35	87	12	93	77	25	7	55	75	52	14	28	57	53	32	86	19	3	1	73	91	0	67	52	56	84	57	77	74	29	69	96	16	71	9	68	60	9	65	83	11	30	47	72	62	9	99	30	49	86	78	7	35	73	35	84	99	25	25	28	2	35	93	89	81	34	59	38	10	59	67	27	18	90	67	71
0	0	0	0	0	0	0	0	0	0	0	0	0	0	0	0	0	0	0	0	0	0	0	0	0	0	0	0	0	0	0	0	0	0	0	0	0	0	0	0	0	0	0	0	0	0	0	0	0	0	0	0	0	0	0	0	0	0	0	0	0	0	0	0	0	0	0	0	0	0	0	0	0	0	0	0	0	0	0	0	0	0	0	0	0	0	0	0	0	0	0	0	0	0	0	0	0	0	0	0	0	0	0	0	0	0	0	0	0	0	83	28	48	64	49	61	15	38	47	97	37	73	89	43	70	97	36	69	67	28	41	63	15	43	38	32	74	35	75	90	38	14	51	47	34	70	40	44	52	94	76	90	70	80	77	93	13	60	3	61	46	86	26	25	18	19	21	98	14	86	97	84	96	22	82	85	14	0	60	50	45	47	26	68	9	0	73	60	8	57	55	94	88	6	87	5	43	58	22	43
0	0	0	0	0	0	0	0	0	0	0	0	0	0	0	0	0	0	0	0	0	0	0	0	0	0	0	0	0	0	0	0	0	0	0	0	0	0	0	0	0	0	0	0	0	0	0	0	0	0	0	0	0	0	0	0	0	0	0	0	0	0	0	0	0	0	0	0	0	0	0	0	0	0	0	0	0	0	0	0	0	0	0	0	0	0	0	0	0	0	0	0	0	0	0	0	0	0	0	0	0	0	0	0	0	0	0	0	0	0	0	82	32	28	61	74	33	9	86	67	63	98	41	66	37	99	29	3	86	36	72	69	92	97	28	70	33	95	63	42	64	57	95	59	26	80	5	74	65	31	18	15	39	2	67	80	68	5	95	84	29	33	37	18	33	73	64	88	46	96	18	39	49	51	68	29	48	24	4	2	52	73	26	47	27	80	45	14	56	92	74	99	58	14	42	41	8	45	9	85
0	0	0	0	0	0	0	0	0	0	0	0	0	0	0	0	0	0	0	0	0	0	0	0	0	0	0	0	0	0	0	0	0	0	0	0	0	0	0	0	0	0	0	0	0	0	0	0	0	0	0	0	0	0	0	0	0	0	0	0	0	0	0	0	0	0	0	0	0	0	0	0	0	0	0	0	0	0	0	0	0	0	0	0	0	0	0	0	0	0	0	0	0	0	0	0	0	0	0	0	0	0	0	0	0	0	0	0	0	0	0	0	14	84	16	58	25	11	76	35	81	85	73	1	96	62	49	18	83	15	15	4	89	51	36	25	84	25	45	13	33	48	47	54	64	0	7	60	56	14	62	58	49	28	17	23	75	78	51	58	72	97	48	30	39	46	7	10	84	36	96	38	72	11	35	30	33	0	12	15	23	87	11	53	37	59	28	45	43	14	5	12	6	93	37	32	39	18	74	17
0	0	0	0	0	0	0	0	0	0	0	0	0	0	0	0	0	0	0	0	0	0	0	0	0	0	0	0	0	0	0	0	0	0	0	0	0	0	0	0	0	0	0	0	0	0	0	0	0	0	0	0	0	0	0	0	0	0	0	0	0	0	0	0	0	0	0	0	0	0	0	0	0	0	0	0	0	0	0	0	0	0	0	0	0	0	0	0	0	0	0	0	0	0	0	0	0	0	0	0	0	0	0	0	0	0	0	0	0	0	0	0	0	65	21	64	97	61	32	75	14	4	44	58	85	72	78	9	5	9	67	2	17	27	5	42	31	16	30	15	14	15	10	65	23	60	53	60	80	88	62	53	66	50	40	39	89	36	12	50	82	40	20	3	49	54	23	50	1	47	54	27	17	72	7	81	20	77	24	94	9	41	22	5	38	63	84	49	67	4	56	98	16	83	62	94	67	42	41	94
0	0	0	0	0	0	0	0	0	0	0	0	0	0	0	0	0	0	0	0	0	0	0	0	0	0	0	0	0	0	0	0	0	0	0	0	0	0	0	0	0	0	0	0	0	0	0	0	0	0	0	0	0	0	0	0	0	0	0	0	0	0	0	0	0	0	0	0	0	0	0	0	0	0	0	0	0	0	0	0	0	0	0	0	0	0	0	0	0	0	0	0	0	0	0	0	0	0	0	0	0	0	0	0	0	0	0	0	0	0	0	0	0	0	19	86	67	32	51	47	64	57	47	7	14	84	39	29	7	97	37	14	44	53	55	86	75	55	34	89	65	12	93	66	7	36	12	26	90	92	94	62	45	85	53	50	91	7	78	98	58	91	19	83	36	15	30	87	4	87	9	31	69	65	18	78	48	34	90	46	83	49	69	30	43	93	22	3	90	95	14	77	26	18	6	7	95	14	26	0
0	0	0	0	0	0	0	0	0	0	0	0	0	0	0	0	0	0	0	0	0	0	0	0	0	0	0	0	0	0	0	0	0	0	0	0	0	0	0	0	0	0	0	0	0	0	0	0	0	0	0	0	0	0	0	0	0	0	0	0	0	0	0	0	0	0	0	0	0	0	0	0	0	0	0	0	0	0	0	0	0	0	0	0	0	0	0	0	0	0	0	0	0	0	0	0	0	0	0	0	0	0	0	0	0	0	0	0	0	0	0	0	0	0	0	72	33	12	12	38	13	27	9	72	60	62	87	10	89	24	0	13	10	85	46	13	59	3	42	99	31	48	26	47	32	29	27	57	97	48	89	63	31	82	45	3	28	23	40	75	48	79	54	87	27	95	2	74	49	90	74	26	28	94	79	62	67	86	10	18	72	25	33	62	60	4	41	26	40	98	30	58	4	67	74	10	32	36	8	19
0	0	0	0	0	0	0	0	0	0	0	0	0	0	0	0	0	0	0	0	0	0	0	0	0	0	0	0	0	0	0	0	0	0	0	0	0	0	0	0	0	0	0	0	0	0	0	0	0	0	0	0	0	0	0	0	0	0	0	0	0	0	0	0	0	0	0	0	0	0	0	0	0	0	0	0	0	0	0	0	0	0	0	0	0	0	0	0	0	0	0	0	0	0	0	0	0	0	0	0	0	0	0	0	0	0	0	0	0	0	0	0	0	0	0	0	95	69	47	2	3	23	83	21	64	85	95	72	21	2	49	25	24	10	37	45	23	27	77	3	51	51	22	42	66	51	35	62	14	42	83	52	8	80	9	61	43	10	4	57	16	5	77	81	91	95	41	11	42	33	20	33	70	82	48	46	28	93	84	25	89	52	56	71	93	1	54	68	19	69	35	25	78	35	12	42	69	27	33	28
0	0	0	0	0	0	0	0	0	0	0	0	0	0	0	0	0	0	0	0	0	0	0	0	0	0	0	0	0	0	0	0	0	0	0	0	0	0	0	0	0	0	0	0	0	0	0	0	0	0	0	0	0	0	0	0	0	0	0	0	0	0	0	0	0	0	0	0	0	0	0	0	0	0	0	0	0	0	0	0	0	0	0	0	0	0	0	0	0	0	0	0	0	0	0	0	0	0	0	0	0	0	0	0	0	0	0	0	0	0	0	0	0	0	0	0	0	63	57	3	46	29	38	50	26	78	58	86	50	6	71	71	63	76	25	49	27	29	79	86	63	17	55	58	17	65	90	61	44	88	7	55	36	76	42	98	78	8	33	58	14	35	71	65	53	12	81	59	98	17	3	39	23	92	31	92	12	44	28	1	52	77	70	76	25	70	74	7	15	31	79	83	29	37	84	44	69	70	49	31
0	0	0	0	0	0	0	0	0	0	0	0	0	0	0	0	0	0	0	0	0	0	0	0	0	0	0	0	0	0	0	0	0	0	0	0	0	0	0	0	0	0	0	0	0	0	0	0	0	0	0	0	0	0	0	0	0	0	0	0	0	0	0	0	0	0	0	0	0	0	0	0	0	0	0	0	0	0	0	0	0	0	0	0	0	0	0	0	0	0	0	0	0	0	0	0	0	0	0	0	0	0	0	0	0	0	0	0	0	0	0	0	0	0	0	0	0	0	53	43	12	16	66	88	40	14	88	10	90	97	16	56	7	45	23	97	7	76	97	46	71	90	71	52	7	22	69	36	68	82	95	75	76	76	43	39	81	51	80	75	86	33	47	59	54	98	87	71	31	83	27	89	91	98	55	28	95	46	83	88	15	75	38	12	66	90	75	75	55	20	42	98	38	17	65	61	98	8	53	85
0	0	0	0	0	0	0	0	0	0	0	0	0	0	0	0	0	0	0	0	0	0	0	0	0	0	0	0	0	0	0	0	0	0	0	0	0	0	0	0	0	0	0	0	0	0	0	0	0	0	0	0	0	0	0	0	0	0	0	0	0	0	0	0	0	0	0	0	0	0	0	0	0	0	0	0	0	0	0	0	0	0	0	0	0	0	0	0	0	0	0	0	0	0	0	0	0	0	0	0	0	0	0	0	0	0	0	0	0	0	0	0	0	0	0	0	0	0	0	60	79	21	37	8	28	67	4	88	91	43	2	6	99	52	4	79	44	57	91	10	68	69	21	85	69	63	78	12	67	97	34	25	59	40	1	21	15	82	81	90	79	36	4	44	73	43	89	89	49	97	92	41	35	96	66	83	49	0	27	20	74	87	31	98	25	59	49	44	32	35	83	77	5	90	80	46	14	45	59	74
0	0	0	0	0	0	0	0	0	0	0	0	0	0	0	0	0	0	0	0	0	0	0	0	0	0	0	0	0	0	0	0	0	0	0	0	0	0	0	0	0	0	0	0	0	0	0	0	0	0	0	0	0	0	0	0	0	0	0	0	0	0	0	0	0	0	0	0	0	0	0	0	0	0	0	0	0	0	0	0	0	0	0	0	0	0	0	0	0	0	0	0	0	0	0	0	0	0	0	0	0	0	0	0	0	0	0	0	0	0	0	0	0	0	0	0	0	0	0	0	29	44	84	1	99	81	41	85	53	92	43	73	86	51	73	7	4	46	85	90	95	84	22	1	24	94	25	80	26	71	4	96	88	9	70	82	65	46	52	33	46	44	6	44	6	57	74	60	48	38	54	62	95	83	45	83	66	79	43	9	0	58	70	17	25	52	94	51	32	56	9	40	46	27	81	89	43	84	94	50
0	0	0	0	0	0	0	0	0	0	0	0	0	0	0	0	0	0	0	0	0	0	0	0	0	0	0	0	0	0	0	0	0	0	0	0	0	0	0	0	0	0	0	0	0	0	0	0	0	0	0	0	0	0	0	0	0	0	0	0	0	0	0	0	0	0	0	0	0	0	0	0	0	0	0	0	0	0	0	0	0	0	0	0	0	0	0	0	0	0	0	0	0	0	0	0	0	0	0	0	0	0	0	0	0	0	0	0	0	0	0	0	0	0	0	0	0	0	0	0	0	13	94	51	26	24	81	93	45	90	57	35	58	40	0	50	44	94	22	1	49	66	32	14	43	86	38	59	39	20	78	27	35	63	31	60	59	44	26	75	81	84	5	52	43	56	86	60	62	18	75	78	56	11	60	65	41	90	60	76	83	38	21	27	57	78	24	42	76	12	90	72	22	99	58	78	11	5	28	64
0	0	0	0	0	0	0	0	0	0	0	0	0	0	0	0	0	0	0	0	0	0	0	0	0	0	0	0	0	0	0	0	0	0	0	0	0	0	0	0	0	0	0	0	0	0	0	0	0	0	0	0	0	0	0	0	0	0	0	0	0	0	0	0	0	0	0	0	0	0	0	0	0	0	0	0	0	0	0	0	0	0	0	0	0	0	0	0	0	0	0	0	0	0	0	0	0	0	0	0	0	0	0	0	0	0	0	0	0	0	0	0	0	0	0	0	0	0	0	0	0	0	37	81	73	29	59	24	69	74	2	27	6	60	9	93	63	31	3	70	73	12	59	94	41	99	88	29	13	14	87	85	73	57	38	35	39	22	51	68	47	79	2	3	67	76	64	96	6	71	77	7	71	46	49	54	7	42	79	17	69	70	62	60	87	84	30	40	10	66	59	56	49	14	90	72	35	99	85	7
0	0	0	0	0	0	0	0	0	0	0	0	0	0	0	0	0	0	0	0	0	0	0	0	0	0	0	0	0	0	0	0	0	0	0	0	0	0	0	0	0	0	0	0	0	0	0	0	0	0	0	0	0	0	0	0	0	0	0	0	0	0	0	0	0	0	0	0	0	0	0	0	0	0	0	0	0	0	0	0	0	0	0	0	0	0	0	0	0	0	0	0	0	0	0	0	0	0	0	0	0	0	0	0	0	0	0	0	0	0	0	0	0	0	0	0	0	0	0	0	0	0	0	91	50	39	97	2	0	21	79	68	15	64	15	47	89	66	25	97	85	40	4	64	64	73	80	89	48	80	72	31	61	51	15	62	6	86	20	96	3	12	6	96	32	89	71	82	72	52	37	66	8	96	63	61	52	51	7	38	57	34	93	66	58	35	71	55	93	64	40	47	94	66	14	34	93	60	65	54
0	0	0	0	0	0	0	0	0	0	0	0	0	0	0	0	0	0	0	0	0	0	0	0	0	0	0	0	0	0	0	0	0	0	0	0	0	0	0	0	0	0	0	0	0	0	0	0	0	0	0	0	0	0	0	0	0	0	0	0	0	0	0	0	0	0	0	0	0	0	0	0	0	0	0	0	0	0	0	0	0	0	0	0	0	0	0	0	0	0	0	0	0	0	0	0	0	0	0	0	0	0	0	0	0	0	0	0	0	0	0	0	0	0	0	0	0	0	0	0	0	0	0	0	64	39	43	80	49	30	22	19	59	21	65	63	33	87	69	52	15	61	97	26	24	71	41	51	97	94	24	48	60	80	37	44	14	57	64	1	23	14	15	41	96	52	71	94	19	98	42	46	99	81	6	59	87	30	67	7	60	73	7	92	71	97	27	11	2	51	47	2	3	53	91	4	79	40	21	49
0	0	0	0	0	0	0	0	0	0	0	0	0	0	0	0	0	0	0	0	0	0	0	0	0	0	0	0	0	0	0	0	0	0	0	0	0	0	0	0	0	0	0	0	0	0	0	0	0	0	0	0	0	0	0	0	0	0	0	0	0	0	0	0	0	0	0	0	0	0	0	0	0	0	0	0	0	0	0	0	0	0	0	0	0	0	0	0	0	0	0	0	0	0	0	0	0	0	0	0	0	0	0	0	0	0	0	0	0	0	0	0	0	0	0	0	0	0	0	0	0	0	0	0	0	76	38	66	92	18	66	84	62	53	53	66	27	92	59	16	87	55	91	99	63	46	36	33	63	93	13	74	6	20	53	14	5	80	24	27	0	1	77	27	82	24	96	91	12	32	27	59	9	84	90	61	45	28	66	2	84	9	12	20	87	8	22	43	38	63	77	83	69	7	45	62	17	62	36	80
0	0	0	0	0	0	0	0	0	0	0	0	0	0	0	0	0	0	0	0	0	0	0	0	0	0	0	0	0	0	0	0	0	0	0	0	0	0	0	0	0	0	0	0	0	0	0	0	0	0	0	0	0	0	0	0	0	0	0	0	0	0	0	0	0	0	0	0	0	0	0	0	0	0	0	0	0	0	0	0	0	0	0	0	0	0	0	0	0	0	0	0	0	0	0	0	0	0	0	0	0	0	0	0	0	0	0	0	0	0	0	0	0	0	0	0	0	0	0	0	0	0	0	0	0	0	65	84	43	2	55	74	87	9	17	39	90	69	29	10	81	38	78	14	84	15	80	9	70	8	0	32	67	62	1	64	35	50	63	57	88	80	39	84	93	28	41	99	43	18	26	82	56	26	7	62	90	38	15	13	18	29	11	85	75	14	75	69	47	5	17	78	93	99	49	95	79	12	80	5
0	0	0	0	0	0	0	0	0	0	0	0	0	0	0	0	0	0	0	0	0	0	0	0	0	0	0	0	0	0	0	0	0	0	0	0	0	0	0	0	0	0	0	0	0	0	0	0	0	0	0	0	0	0	0	0	0	0	0	0	0	0	0	0	0	0	0	0	0	0	0	0	0	0	0	0	0	0	0	0	0	0	0	0	0	0	0	0	0	0	0	0	0	0	0	0	0	0	0	0	0	0	0	0	0	0	0	0	0	0	0	0	0	0	0	0	0	0	0	0	0	0	0	0	0	0	0	15	78	99	59	81	37	19	61	17	34	51	0	93	57	18	64	29	55	40	55	91	98	83	23	8	79	75	95	59	6	87	32	43	97	12	65	89	12	45	14	45	25	96	78	79	58	87	99	60	48	34	68	27	95	78	61	33	93	76	8	65	38	8	84	46	46	84	42	42	21	41	17	54
0	0	0	0	0	0	0	0	0	0	0	0	0	0	0	0	0	0	0	0	0	0	0	0	0	0	0	0	0	0	0	0	0	0	0	0	0	0	0	0	0	0	0	0	0	0	0	0	0	0	0	0	0	0	0	0	0	0	0	0	0	0	0	0	0	0	0	0	0	0	0	0	0	0	0	0	0	0	0	0	0	0	0	0	0	0	0	0	0	0	0	0	0	0	0	0	0	0	0	0	0	0	0	0	0	0	0	0	0	0	0	0	0	0	0	0	0	0	0	0	0	0	0	0	0	0	0	0	55	46	83	72	15	17	58	1	14	10	53	51	14	77	2	37	57	52	58	55	49	95	89	81	85	29	20	70	2	88	30	23	61	64	42	52	56	93	91	75	84	76	6	83	97	29	92	36	6	70	36	26	53	98	36	40	51	5	69	96	85	97	62	93	38	68	32	44	25	77	64	59
0	0	0	0	0	0	0	0	0	0	0	0	0	0	0	0	0	0	0	0	0	0	0	0	0	0	0	0	0	0	0	0	0	0	0	0	0	0	0	0	0	0	0	0	0	0	0	0	0	0	0	0	0	0	0	0	0	0	0	0	0	0	0	0	0	0	0	0	0	0	0	0	0	0	0	0	0	0	0	0	0	0	0	0	0	0	0	0	0	0	0	0	0	0	0	0	0	0	0	0	0	0	0	0	0	0	0	0	0	0	0	0	0	0	0	0	0	0	0	0	0	0	0	0	0	0	0	0	0	87	31	26	83	70	57	87	14	9	80	7	47	39	44	24	58	4	97	59	60	27	81	24	47	23	4	53	26	14	41	84	1	6	25	42	8	79	97	69	50	1	64	7	49	20	90	41	32	99	54	6	94	81	23	52	50	95	41	49	12	30	75	32	24	78	5	51	89	62	22	64
0	0	0	0	0	0	0	0	0	0	0	0	0	0	0	0	0	0	0	0	0	0	0	0	0	0	0	0	0	0	0	0	0	0	0	0	0	0	0	0	0	0	0	0	0	0	0	0	0	0	0	0	0	0	0	0	0	0	0	0	0	0	0	0	0	0	0	0	0	0	0	0	0	0	0	0	0	0	0	0	0	0	0	0	0	0	0	0	0	0	0	0	0	0	0	0	0	0	0	0	0	0	0	0	0	0	0	0	0	0	0	0	0	0	0	0	0	0	0	0	0	0	0	0	0	0	0	0	0	0	37	91	67	96	92	54	58	52	86	25	10	4	90	54	24	74	42	59	8	0	61	83	22	66	81	19	46	2	10	13	63	83	3	58	37	37	88	31	0	28	52	5	14	95	17	85	98	91	2	51	67	97	61	20	63	76	48	68	54	26	7	58	73	31	87	19	26	43	93	9
0	0	0	0	0	0	0	0	0	0	0	0	0	0	0	0	0	0	0	0	0	0	0	0	0	0	0	0	0	0	0	0	0	0	0	0	0	0	0	0	0	0	0	0	0	0	0	0	0	0	0	0	0	0	0	0	0	0	0	0	0	0	0	0	0	0	0	0	0	0	0	0	0	0	0	0	0	0	0	0	0	0	0	0	0	0	0	0	0	0	0	0	0	0	0	0	0	0	0	0	0	0	0	0	0	0	0	0	0	0	0	0	0	0	0	0	0	0	0	0	0	0	0	0	0	0	0	0	0	0	0	31	21	93	20	38	16	30	40	36	98	83	54	71	9	97	41	32	58	64	25	19	98	8	35	51	62	6	65	10	39	11	90	7	47	1	49	45	23	72	73	63	20	81	60	88	12	35	54	89	74	6	28	27	69	97	94	5	82	23	93	17	90	23	40	24	51	82	69	97
0	0	0	0	0	0	0	0	0	0	0	0	0	0	0	0	0	0	0	0	0	0	0	0	0	0	0	0	0	0	0	0	0	0	0	0	0	0	0	0	0	0	0	0	0	0	0	0	0	0	0	0	0	0	0	0	0	0	0	0	0	0	0	0	0	0	0	0	0	0	0	0	0	0	0	0	0	0	0	0	0	0	0	0	0	0	0	0	0	0	0	0	0	0	0	0	0	0	0	0	0	0	0	0	0	0	0	0	0	0	0	0	0	0	0	0	0	0	0	0	0	0	0	0	0	0	0	0	0	0	0	0	24	89	22	34	39	96	87	94	62	5	47	9	58	66	14	72	72	79	94	68	95	24	18	23	19	3	73	52	76	2	39	93	14	24	10	10	1	83	80	20	58	77	89	48	45	63	81	51	31	61	7	99	15	31	69	48	12	49	19	24	34	1	32	80	10	10	73	21
0	0	0	0	0	0	0	0	0	0	0	0	0	0	0	0	0	0	0	0	0	0	0	0	0	0	0	0	0	0	0	0	0	0	0	0	0	0	0	0	0	0	0	0	0	0	0	0	0	0	0	0	0	0	0	0	0	0	0	0	0	0	0	0	0	0	0	0	0	0	0	0	0	0	0	0	0	0	0	0	0	0	0	0	0	0	0	0	0	0	0	0	0	0	0	0	0	0	0	0	0	0	0	0	0	0	0	0	0	0	0	0	0	0	0	0	0	0	0	0	0	0	0	0	0	0	0	0	0	0	0	0	0	29	34	29	36	58	61	50	18	43	14	57	24	37	82	88	55	8	16	82	47	22	68	32	50	14	45	96	84	80	65	6	66	92	51	18	52	12	36	19	73	81	75	1	75	28	8	3	91	33	36	19	22	61	84	79	61	46	88	30	95	32	87	43	90	85	0	86
0	0	0	0	0	0	0	0	0	0	0	0	0	0	0	0	0	0	0	0	0	0	0	0	0	0	0	0	0	0	0	0	0	0	0	0	0	0	0	0	0	0	0	0	0	0	0	0	0	0	0	0	0	0	0	0	0	0	0	0	0	0	0	0	0	0	0	0	0	0	0	0	0	0	0	0	0	0	0	0	0	0	0	0	0	0	0	0	0	0	0	0	0	0	0	0	0	0	0	0	0	0	0	0	0	0	0	0	0	0	0	0	0	0	0	0	0	0	0	0	0	0	0	0	0	0	0	0	0	0	0	0	0	0	2	48	91	72	26	42	45	66	44	94	87	47	63	67	27	23	39	49	62	79	70	56	2	82	6	37	78	31	68	0	57	82	96	4	76	85	19	98	97	79	46	88	57	56	88	24	41	68	72	98	88	82	84	76	52	45	74	29	84	2	41	53	96	65	68	38
0	0	0	0	0	0	0	0	0	0	0	0	0	0	0	0	0	0	0	0	0	0	0	0	0	0	0	0	0	0	0	0	0	0	0	0	0	0	0	0	0	0	0	0	0	0	0	0	0	0	0	0	0	0	0	0	0	0	0	0	0	0	0	0	0	0	0	0	0	0	0	0	0	0	0	0	0	0	0	0	0	0	0	0	0	0	0	0	0	0	0	0	0	0	0	0	0	0	0	0	0	0	0	0	0	0	0	0	0	0	0	0	0	0	0	0	0	0	0	0	0	0	0	0	0	0	0	0	0	0	0	0	0	0	0	49	23	67	2	23	77	71	1	15	34	81	62	45	87	39	75	28	23	19	81	70	59	1	26	20	92	20	25	51	52	60	68	16	92	19	89	98	3	13	43	58	21	67	93	52	87	33	49	89	82	24	58	0	79	84	69	43	5	49	90	74	34	89	91	43
0	0	0	0	0	0	0	0	0	0	0	0	0	0	0	0	0	0	0	0	0	0	0	0	0	0	0	0	0	0	0	0	0	0	0	0	0	0	0	0	0	0	0	0	0	0	0	0	0	0	0	0	0	0	0	0	0	0	0	0	0	0	0	0	0	0	0	0	0	0	0	0	0	0	0	0	0	0	0	0	0	0	0	0	0	0	0	0	0	0	0	0	0	0	0	0	0	0	0	0	0	0	0	0	0	0	0	0	0	0	0	0	0	0	0	0	0	0	0	0	0	0	0	0	0	0	0	0	0	0	0	0	0	0	0	0	29	78	43	55	86	46	56	97	53	69	55	25	8	82	92	3	71	99	34	93	57	47	5	71	21	85	59	26	4	75	50	5	79	97	60	97	5	48	13	32	90	56	66	45	3	50	39	66	17	26	78	50	15	13	28	57	52	15	17	59	22	58	56	98
0	0	0	0	0	0	0	0	0	0	0	0	0	0	0	0	0	0	0	0	0	0	0	0	0	0	0	0	0	0	0	0	0	0	0	0	0	0	0	0	0	0	0	0	0	0	0	0	0	0	0	0	0	0	0	0	0	0	0	0	0	0	0	0	0	0	0	0	0	0	0	0	0	0	0	0	0	0	0	0	0	0	0	0	0	0	0	0	0	0	0	0	0	0	0	0	0	0	0	0	0	0	0	0	0	0	0	0	0	0	0	0	0	0	0	0	0	0	0	0	0	0	0	0	0	0	0	0	0	0	0	0	0	0	0	0	0	64	42	97	2	85	8	54	35	84	78	77	76	72	81	48	14	90	55	40	35	94	84	4	94	38	72	30	37	51	86	56	91	73	56	93	12	14	63	63	74	31	18	48	21	14	31	1	87	45	42	35	23	16	7	62	73	95	63	81	75	7	30	91
0	0	0	0	0	0	0	0	0	0	0	0	0	0	0	0	0	0	0	0	0	0	0	0	0	0	0	0	0	0	0	0	0	0	0	0	0	0	0	0	0	0	0	0	0	0	0	0	0	0	0	0	0	0	0	0	0	0	0	0	0	0	0	0	0	0	0	0	0	0	0	0	0	0	0	0	0	0	0	0	0	0	0	0	0	0	0	0	0	0	0	0	0	0	0	0	0	0	0	0	0	0	0	0	0	0	0	0	0	0	0	0	0	0	0	0	0	0	0	0	0	0	0	0	0	0	0	0	0	0	0	0	0	0	0	0	0	0	46	95	8	88	43	43	55	35	37	11	61	0	97	86	19	83	26	38	74	75	31	73	81	78	98	55	8	86	46	51	20	17	77	40	5	18	4	24	49	23	9	36	50	0	36	23	15	34	26	9	39	61	30	65	28	15	25	54	48	38	46	79
0	0	0	0	0	0	0	0	0	0	0	0	0	0	0	0	0	0	0	0	0	0	0	0	0	0	0	0	0	0	0	0	0	0	0	0	0	0	0	0	0	0	0	0	0	0	0	0	0	0	0	0	0	0	0	0	0	0	0	0	0	0	0	0	0	0	0	0	0	0	0	0	0	0	0	0	0	0	0	0	0	0	0	0	0	0	0	0	0	0	0	0	0	0	0	0	0	0	0	0	0	0	0	0	0	0	0	0	0	0	0	0	0	0	0	0	0	0	0	0	0	0	0	0	0	0	0	0	0	0	0	0	0	0	0	0	0	0	0	14	22	19	50	8	52	35	62	52	71	61	26	50	64	1	22	97	17	11	6	50	92	29	78	74	47	74	12	42	24	14	70	94	13	52	3	79	53	64	73	38	59	9	65	95	69	46	86	67	54	69	1	70	64	0	15	20	8	62	9	99
0	0	0	0	0	0	0	0	0	0	0	0	0	0	0	0	0	0	0	0	0	0	0	0	0	0	0	0	0	0	0	0	0	0	0	0	0	0	0	0	0	0	0	0	0	0	0	0	0	0	0	0	0	0	0	0	0	0	0	0	0	0	0	0	0	0	0	0	0	0	0	0	0	0	0	0	0	0	0	0	0	0	0	0	0	0	0	0	0	0	0	0	0	0	0	0	0	0	0	0	0	0	0	0	0	0	0	0	0	0	0	0	0	0	0	0	0	0	0	0	0	0	0	0	0	0	0	0	0	0	0	0	0	0	0	0	0	0	0	0	36	83	64	70	95	12	37	89	81	42	80	82	42	13	93	4	77	20	68	47	31	4	54	52	18	23	42	58	71	95	14	98	82	16	10	95	24	79	14	91	89	30	92	56	26	97	27	66	42	98	60	14	16	56	53	7	80	81	19	36
0	0	0	0	0	0	0	0	0	0	0	0	0	0	0	0	0	0	0	0	0	0	0	0	0	0	0	0	0	0	0	0	0	0	0	0	0	0	0	0	0	0	0	0	0	0	0	0	0	0	0	0	0	0	0	0	0	0	0	0	0	0	0	0	0	0	0	0	0	0	0	0	0	0	0	0	0	0	0	0	0	0	0	0	0	0	0	0	0	0	0	0	0	0	0	0	0	0	0	0	0	0	0	0	0	0	0	0	0	0	0	0	0	0	0	0	0	0	0	0	0	0	0	0	0	0	0	0	0	0	0	0	0	0	0	0	0	0	0	0	0	36	67	93	43	19	83	4	18	96	50	84	64	76	63	8	23	37	21	69	64	12	6	89	72	19	74	47	23	12	11	27	58	14	73	35	99	6	69	61	85	66	11	58	69	62	38	53	4	64	26	52	87	61	8	31	13	39	20	22
0	0	0	0	0	0	0	0	0	0	0	0	0	0	0	0	0	0	0	0	0	0	0	0	0	0	0	0	0	0	0	0	0	0	0	0	0	0	0	0	0	0	0	0	0	0	0	0	0	0	0	0	0	0	0	0	0	0	0	0	0	0	0	0	0	0	0	0	0	0	0	0	0	0	0	0	0	0	0	0	0	0	0	0	0	0	0	0	0	0	0	0	0	0	0	0	0	0	0	0	0	0	0	0	0	0	0	0	0	0	0	0	0	0	0	0	0	0	0	0	0	0	0	0	0	0	0	0	0	0	0	0	0	0	0	0	0	0	0	0	0	0	77	34	48	69	88	66	5	0	69	47	25	66	17	92	32	79	25	64	3	46	24	62	62	48	66	27	6	47	25	99	84	63	16	80	57	6	94	44	71	85	50	11	9	90	45	76	88	1	96	72	86	92	97	17	55	94	29	85
0	0	0	0	0	0	0	0	0	0	0	0	0	0	0	0	0	0	0	0	0	0	0	0	0	0	0	0	0	0	0	0	0	0	0	0	0	0	0	0	0	0	0	0	0	0	0	0	0	0	0	0	0	0	0	0	0	0	0	0	0	0	0	0	0	0	0	0	0	0	0	0	0	0	0	0	0	0	0	0	0	0	0	0	0	0	0	0	0	0	0	0	0	0	0	0	0	0	0	0	0	0	0	0	0	0	0	0	0	0	0	0	0	0	0	0	0	0	0	0	0	0	0	0	0	0	0	0	0	0	0	0	0	0	0	0	0	0	0	0	0	0	0	38	49	68	52	49	10	81	12	34	30	88	20	68	12	33	64	46	38	99	71	15	95	7	20	14	10	52	19	56	4	77	0	44	8	18	94	43	44	83	13	83	28	65	26	98	35	31	16	51	65	50	72	29	5	9	16	39
0	0	0	0	0	0	0	0	0	0	0	0	0	0	0	0	0	0	0	0	0	0	0	0	0	0	0	0	0	0	0	0	0	0	0	0	0	0	0	0	0	0	0	0	0	0	0	0	0	0	0	0	0	0	0	0	0	0	0	0	0	0	0	0	0	0	0	0	0	0	0	0	0	0	0	0	0	0	0	0	0	0	0	0	0	0	0	0	0	0	0	0	0	0	0	0	0	0	0	0	0	0	0	0	0	0	0	0	0	0	0	0	0	0	0	0	0	0	0	0	0	0	0	0	0	0	0	0	0	0	0	0	0	0	0	0	0	0	0	0	0	0	0	0	37	17	61	69	24	37	91	70	8	62	52	43	19	2	4	95	4	27	45	87	76	94	47	17	12	29	1	86	99	31	22	91	16	52	87	18	4	86	62	26	70	78	51	47	88	63	27	38	20	12	42	94	12	9	52	0
0	0	0	0	0	0	0	0	0	0	0	0	0	0	0	0	0	0	0	0	0	0	0	0	0	0	0	0	0	0	0	0	0	0	0	0	0	0	0	0	0	0	0	0	0	0	0	0	0	0	0	0	0	0	0	0	0	0	0	0	0	0	0	0	0	0	0	0	0	0	0	0	0	0	0	0	0	0	0	0	0	0	0	0	0	0	0	0	0	0	0	0	0	0	0	0	0	0	0	0	0	0	0	0	0	0	0	0	0	0	0	0	0	0	0	0	0	0	0	0	0	0	0	0	0	0	0	0	0	0	0	0	0	0	0	0	0	0	0	0	0	0	0	0	0	83	46	56	19	68	24	80	76	52	69	4	4	66	47	57	80	70	56	24	9	4	45	52	38	1	53	65	15	60	93	46	88	65	51	58	31	46	0	41	87	76	68	22	29	40	8	13	77	43	94	68	95	73	61	67
0	0	0	0	0	0	0	0	0	0	0	0	0	0	0	0	0	0	0	0	0	0	0	0	0	0	0	0	0	0	0	0	0	0	0	0	0	0	0	0	0	0	0	0	0	0	0	0	0	0	0	0	0	0	0	0	0	0	0	0	0	0	0	0	0	0	0	0	0	0	0	0	0	0	0	0	0	0	0	0	0	0	0	0	0	0	0	0	0	0	0	0	0	0	0	0	0	0	0	0	0	0	0	0	0	0	0	0	0	0	0	0	0	0	0	0	0	0	0	0	0	0	0	0	0	0	0	0	0	0	0	0	0	0	0	0	0	0	0	0	0	0	0	0	0	0	29	17	58	10	46	98	9	52	64	62	2	59	57	4	56	14	75	45	16	79	15	12	70	40	37	22	54	10	95	44	78	14	52	72	56	36	19	52	70	59	41	7	77	3	59	74	3	65	97	71	63	12	13	12
0	0	0	0	0	0	0	0	0	0	0	0	0	0	0	0	0	0	0	0	0	0	0	0	0	0	0	0	0	0	0	0	0	0	0	0	0	0	0	0	0	0	0	0	0	0	0	0	0	0	0	0	0	0	0	0	0	0	0	0	0	0	0	0	0	0	0	0	0	0	0	0	0	0	0	0	0	0	0	0	0	0	0	0	0	0	0	0	0	0	0	0	0	0	0	0	0	0	0	0	0	0	0	0	0	0	0	0	0	0	0	0	0	0	0	0	0	0	0	0	0	0	0	0	0	0	0	0	0	0	0	0	0	0	0	0	0	0	0	0	0	0	0	0	0	0	0	4	77	48	14	89	81	16	30	60	31	66	13	1	85	7	1	42	81	54	95	53	61	85	4	18	36	77	33	19	64	23	78	47	37	37	64	15	20	59	29	40	37	56	61	78	75	69	96	64	9	16	43	14
0	0	0	0	0	0	0	0	0	0	0	0	0	0	0	0	0	0	0	0	0	0	0	0	0	0	0	0	0	0	0	0	0	0	0	0	0	0	0	0	0	0	0	0	0	0	0	0	0	0	0	0	0	0	0	0	0	0	0	0	0	0	0	0	0	0	0	0	0	0	0	0	0	0	0	0	0	0	0	0	0	0	0	0	0	0	0	0	0	0	0	0	0	0	0	0	0	0	0	0	0	0	0	0	0	0	0	0	0	0	0	0	0	0	0	0	0	0	0	0	0	0	0	0	0	0	0	0	0	0	0	0	0	0	0	0	0	0	0	0	0	0	0	0	0	0	0	0	86	17	22	48	71	34	11	90	13	29	24	58	46	9	43	28	56	2	27	21	5	54	51	86	39	76	75	61	75	31	67	80	14	48	4	14	84	45	66	78	17	40	4	5	79	48	52	44	77	18	46	8
0	0	0	0	0	0	0	0	0	0	0	0	0	0	0	0	0	0	0	0	0	0	0	0	0	0	0	0	0	0	0	0	0	0	0	0	0	0	0	0	0	0	0	0	0	0	0	0	0	0	0	0	0	0	0	0	0	0	0	0	0	0	0	0	0	0	0	0	0	0	0	0	0	0	0	0	0	0	0	0	0	0	0	0	0	0	0	0	0	0	0	0	0	0	0	0	0	0	0	0	0	0	0	0	0	0	0	0	0	0	0	0	0	0	0	0	0	0	0	0	0	0	0	0	0	0	0	0	0	0	0	0	0	0	0	0	0	0	0	0	0	0	0	0	0	0	0	0	0	97	59	52	31	20	62	9	48	24	82	94	23	45	35	94	86	73	90	30	20	21	82	5	21	16	77	14	91	58	16	76	72	43	24	40	8	52	94	65	10	23	10	33	38	42	9	12	19	1	60	38
0	0	0	0	0	0	0	0	0	0	0	0	0	0	0	0	0	0	0	0	0	0	0	0	0	0	0	0	0	0	0	0	0	0	0	0	0	0	0	0	0	0	0	0	0	0	0	0	0	0	0	0	0	0	0	0	0	0	0	0	0	0	0	0	0	0	0	0	0	0	0	0	0	0	0	0	0	0	0	0	0	0	0	0	0	0	0	0	0	0	0	0	0	0	0	0	0	0	0	0	0	0	0	0	0	0	0	0	0	0	0	0	0	0	0	0	0	0	0	0	0	0	0	0	0	0	0	0	0	0	0	0	0	0	0	0	0	0	0	0	0	0	0	0	0	0	0	0	0	0	56	65	13	23	85	74	1	58	84	81	99	48	33	55	85	50	72	53	1	93	70	96	35	83	75	34	54	46	66	72	44	87	86	24	32	25	70	87	7	40	41	80	43	97	84	95	1	38	73	12
0	0	0	0	0	0	0	0	0	0	0	0	0	0	0	0	0	0	0	0	0	0	0	0	0	0	0	0	0	0	0	0	0	0	0	0	0	0	0	0	0	0	0	0	0	0	0	0	0	0	0	0	0	0	0	0	0	0	0	0	0	0	0	0	0	0	0	0	0	0	0	0	0	0	0	0	0	0	0	0	0	0	0	0	0	0	0	0	0	0	0	0	0	0	0	0	0	0	0	0	0	0	0	0	0	0	0	0	0	0	0	0	0	0	0	0	0	0	0	0	0	0	0	0	0	0	0	0	0	0	0	0	0	0	0	0	0	0	0	0	0	0	0	0	0	0	0	0	0	0	0	5	68	48	88	96	5	97	25	22	53	97	47	62	24	50	52	15	93	27	21	64	35	33	56	24	17	80	53	5	61	1	85	28	86	49	97	6	30	75	59	61	99	44	73	41	70	48	23	82
0	0	0	0	0	0	0	0	0	0	0	0	0	0	0	0	0	0	0	0	0	0	0	0	0	0	0	0	0	0	0	0	0	0	0	0	0	0	0	0	0	0	0	0	0	0	0	0	0	0	0	0	0	0	0	0	0	0	0	0	0	0	0	0	0	0	0	0	0	0	0	0	0	0	0	0	0	0	0	0	0	0	0	0	0	0	0	0	0	0	0	0	0	0	0	0	0	0	0	0	0	0	0	0	0	0	0	0	0	0	0	0	0	0	0	0	0	0	0	0	0	0	0	0	0	0	0	0	0	0	0	0	0	0	0	0	0	0	0	0	0	0	0	0	0	0	0	0	0	0	0	0	94	72	92	76	43	71	68	79	43	82	52	57	82	21	27	72	34	36	65	13	15	98	44	27	21	50	26	94	8	84	14	57	96	70	43	19	49	52	78	66	46	89	60	92	86	9	39	75
0	0	0	0	0	0	0	0	0	0	0	0	0	0	0	0	0	0	0	0	0	0	0	0	0	0	0	0	0	0	0	0	0	0	0	0	0	0	0	0	0	0	0	0	0	0	0	0	0	0	0	0	0	0	0	0	0	0	0	0	0	0	0	0	0	0	0	0	0	0	0	0	0	0	0	0	0	0	0	0	0	0	0	0	0	0	0	0	0	0	0	0	0	0	0	0	0	0	0	0	0	0	0	0	0	0	0	0	0	0	0	0	0	0	0	0	0	0	0	0	0	0	0	0	0	0	0	0	0	0	0	0	0	0	0	0	0	0	0	0	0	0	0	0	0	0	0	0	0	0	0	0	0	34	93	4	72	15	59	71	85	75	51	63	29	75	5	84	9	51	16	14	0	49	4	80	7	88	46	98	47	57	66	54	68	5	25	84	0	27	76	69	62	94	12	71	45	62	57	59
0	0	0	0	0	0	0	0	0	0	0	0	0	0	0	0	0	0	0	0	0	0	0	0	0	0	0	0	0	0	0	0	0	0	0	0	0	0	0	0	0	0	0	0	0	0	0	0	0	0	0	0	0	0	0	0	0	0	0	0	0	0	0	0	0	0	0	0	0	0	0	0	0	0	0	0	0	0	0	0	0	0	0	0	0	0	0	0	0	0	0	0	0	0	0	0	0	0	0	0	0	0	0	0	0	0	0	0	0	0	0	0	0	0	0	0	0	0	0	0	0	0	0	0	0	0	0	0	0	0	0	0	0	0	0	0	0	0	0	0	0	0	0	0	0	0	0	0	0	0	0	0	0	0	68	31	63	1	96	82	16	35	72	92	40	97	21	86	50	29	36	35	80	83	97	54	78	22	57	92	84	50	55	98	34	97	36	80	54	92	2	32	10	43	3	82	55	45	4	42
0	0	0	0	0	0	0	0	0	0	0	0	0	0	0	0	0	0	0	0	0	0	0	0	0	0	0	0	0	0	0	0	0	0	0	0	0	0	0	0	0	0	0	0	0	0	0	0	0	0	0	0	0	0	0	0	0	0	0	0	0	0	0	0	0	0	0	0	0	0	0	0	0	0	0	0	0	0	0	0	0	0	0	0	0	0	0	0	0	0	0	0	0	0	0	0	0	0	0	0	0	0	0	0	0	0	0	0	0	0	0	0	0	0	0	0	0	0	0	0	0	0	0	0	0	0	0	0	0	0	0	0	0	0	0	0	0	0	0	0	0	0	0	0	0	0	0	0	0	0	0	0	0	0	0	33	35	65	0	25	80	86	61	85	42	5	74	75	32	10	34	6	51	24	2	38	16	31	28	47	56	87	26	88	43	53	48	17	50	36	20	92	52	64	27	29	97	83	93	46
0	0	0	0	0	0	0	0	0	0	0	0	0	0	0	0	0	0	0	0	0	0	0	0	0	0	0	0	0	0	0	0	0	0	0	0	0	0	0	0	0	0	0	0	0	0	0	0	0	0	0	0	0	0	0	0	0	0	0	0	0	0	0	0	0	0	0	0	0	0	0	0	0	0	0	0	0	0	0	0	0	0	0	0	0	0	0	0	0	0	0	0	0	0	0	0	0	0	0	0	0	0	0	0	0	0	0	0	0	0	0	0	0	0	0	0	0	0	0	0	0	0	0	0	0	0	0	0	0	0	0	0	0	0	0	0	0	0	0	0	0	0	0	0	0	0	0	0	0	0	0	0	0	0	0	0	22	44	23	79	5	84	89	5	64	99	74	30	37	1	12	54	89	83	49	81	0	86	71	17	74	7	45	50	94	32	19	13	47	98	65	86	19	52	77	98	17	81	17	81
0	0	0	0	0	0	0	0	0	0	0	0	0	0	0	0	0	0	0	0	0	0	0	0	0	0	0	0	0	0	0	0	0	0	0	0	0	0	0	0	0	0	0	0	0	0	0	0	0	0	0	0	0	0	0	0	0	0	0	0	0	0	0	0	0	0	0	0	0	0	0	0	0	0	0	0	0	0	0	0	0	0	0	0	0	0	0	0	0	0	0	0	0	0	0	0	0	0	0	0	0	0	0	0	0	0	0	0	0	0	0	0	0	0	0	0	0	0	0	0	0	0	0	0	0	0	0	0	0	0	0	0	0	0	0	0	0	0	0	0	0	0	0	0	0	0	0	0	0	0	0	0	0	0	0	0	0	23	63	59	57	90	8	68	89	95	26	77	65	34	90	79	63	82	73	89	70	59	55	95	67	28	57	90	82	45	94	50	75	14	11	81	70	31	37	10	20	28	44	18
0	0	0	0	0	0	0	0	0	0	0	0	0	0	0	0	0	0	0	0	0	0	0	0	0	0	0	0	0	0	0	0	0	0	0	0	0	0	0	0	0	0	0	0	0	0	0	0	0	0	0	0	0	0	0	0	0	0	0	0	0	0	0	0	0	0	0	0	0	0	0	0	0	0	0	0	0	0	0	0	0	0	0	0	0	0	0	0	0	0	0	0	0	0	0	0	0	0	0	0	0	0	0	0	0	0	0	0	0	0	0	0	0	0	0	0	0	0	0	0	0	0	0	0	0	0	0	0	0	0	0	0	0	0	0	0	0	0	0	0	0	0	0	0	0	0	0	0	0	0	0	0	0	0	0	0	0	0	40	80	34	60	62	37	80	96	75	6	89	41	10	73	33	4	16	22	50	52	87	78	43	69	49	30	78	50	79	14	80	14	17	92	38	32	34	26	99	30	72	9
0	0	0	0	0	0	0	0	0	0	0	0	0	0	0	0	0	0	0	0	0	0	0	0	0	0	0	0	0	0	0	0	0	0	0	0	0	0	0	0	0	0	0	0	0	0	0	0	0	0	0	0	0	0	0	0	0	0	0	0	0	0	0	0	0	0	0	0	0	0	0	0	0	0	0	0	0	0	0	0	0	0	0	0	0	0	0	0	0	0	0	0	0	0	0	0	0	0	0	0	0	0	0	0	0	0	0	0	0	0	0	0	0	0	0	0	0	0	0	0	0	0	0	0	0	0	0	0	0	0	0	0	0	0	0	0	0	0	0	0	0	0	0	0	0	0	0	0	0	0	0	0	0	0	0	0	0	0	0	37	80	67	78	86	11	61	51	89	60	19	71	13	43	16	9	42	77	99	78	58	70	36	43	92	8	58	67	29	13	88	43	47	88	46	39	35	51	95	17	30
0	0	0	0	0	0	0	0	0	0	0	0	0	0	0	0	0	0	0	0	0	0	0	0	0	0	0	0	0	0	0	0	0	0	0	0	0	0	0	0	0	0	0	0	0	0	0	0	0	0	0	0	0	0	0	0	0	0	0	0	0	0	0	0	0	0	0	0	0	0	0	0	0	0	0	0	0	0	0	0	0	0	0	0	0	0	0	0	0	0	0	0	0	0	0	0	0	0	0	0	0	0	0	0	0	0	0	0	0	0	0	0	0	0	0	0	0	0	0	0	0	0	0	0	0	0	0	0	0	0	0	0	0	0	0	0	0	0	0	0	0	0	0	0	0	0	0	0	0	0	0	0	0	0	0	0	0	0	0	0	93	53	28	52	55	53	39	70	14	54	9	63	0	57	68	1	8	39	94	94	68	51	36	18	20	34	96	88	92	77	43	1	84	71	38	5	14	28	45	89
0	0	0	0	0	0	0	0	0	0	0	0	0	0	0	0	0	0	0	0	0	0	0	0	0	0	0	0	0	0	0	0	0	0	0	0	0	0	0	0	0	0	0	0	0	0	0	0	0	0	0	0	0	0	0	0	0	0	0	0	0	0	0	0	0	0	0	0	0	0	0	0	0	0	0	0	0	0	0	0	0	0	0	0	0	0	0	0	0	0	0	0	0	0	0	0	0	0	0	0	0	0	0	0	0	0	0	0	0	0	0	0	0	0	0	0	0	0	0	0	0	0	0	0	0	0	0	0	0	0	0	0	0	0	0	0	0	0	0	0	0	0	0	0	0	0	0	0	0	0	0	0	0	0	0	0	0	0	0	0	0	42	1	28	5	17	13	36	56	99	46	84	34	34	22	77	3	8	77	40	97	30	44	13	0	25	79	9	18	82	44	17	96	64	20	14	54	1	40	30
0	0	0	0	0	0	0	0	0	0	0	0	0	0	0	0	0	0	0	0	0	0	0	0	0	0	0	0	0	0	0	0	0	0	0	0	0	0	0	0	0	0	0	0	0	0	0	0	0	0	0	0	0	0	0	0	0	0	0	0	0	0	0	0	0	0	0	0	0	0	0	0	0	0	0	0	0	0	0	0	0	0	0	0	0	0	0	0	0	0	0	0	0	0	0	0	0	0	0	0	0	0	0	0	0	0	0	0	0	0	0	0	0	0	0	0	0	0	0	0	0	0	0	0	0	0	0	0	0	0	0	0	0	0	0	0	0	0	0	0	0	0	0	0	0	0	0	0	0	0	0	0	0	0	0	0	0	0	0	0	0	0	43	54	93	37	30	49	32	21	25	66	97	56	71	78	83	27	5	87	50	24	64	20	33	46	87	61	59	18	81	73	57	66	83	80	93	60	92	23
0	0	0	0	0	0	0	0	0	0	0	0	0	0	0	0	0	0	0	0	0	0	0	0	0	0	0	0	0	0	0	0	0	0	0	0	0	0	0	0	0	0	0	0	0	0	0	0	0	0	0	0	0	0	0	0	0	0	0	0	0	0	0	0	0	0	0	0	0	0	0	0	0	0	0	0	0	0	0	0	0	0	0	0	0	0	0	0	0	0	0	0	0	0	0	0	0	0	0	0	0	0	0	0	0	0	0	0	0	0	0	0	0	0	0	0	0	0	0	0	0	0	0	0	0	0	0	0	0	0	0	0	0	0	0	0	0	0	0	0	0	0	0	0	0	0	0	0	0	0	0	0	0	0	0	0	0	0	0	0	0	0	0	18	24	9	87	92	8	76	34	67	50	44	22	88	65	64	64	12	68	46	33	54	19	90	55	60	88	59	10	90	75	50	14	75	23	3	54	20
0	0	0	0	0	0	0	0	0	0	0	0	0	0	0	0	0	0	0	0	0	0	0	0	0	0	0	0	0	0	0	0	0	0	0	0	0	0	0	0	0	0	0	0	0	0	0	0	0	0	0	0	0	0	0	0	0	0	0	0	0	0	0	0	0	0	0	0	0	0	0	0	0	0	0	0	0	0	0	0	0	0	0	0	0	0	0	0	0	0	0	0	0	0	0	0	0	0	0	0	0	0	0	0	0	0	0	0	0	0	0	0	0	0	0	0	0	0	0	0	0	0	0	0	0	0	0	0	0	0	0	0	0	0	0	0	0	0	0	0	0	0	0	0	0	0	0	0	0	0	0	0	0	0	0	0	0	0	0	0	0	0	0	0	15	74	91	67	37	67	7	81	42	77	94	28	72	36	43	73	18	13	36	74	92	93	95	48	44	95	9	35	24	34	8	10	51	52	70	51
0	0	0	0	0	0	0	0	0	0	0	0	0	0	0	0	0	0	0	0	0	0	0	0	0	0	0	0	0	0	0	0	0	0	0	0	0	0	0	0	0	0	0	0	0	0	0	0	0	0	0	0	0	0	0	0	0	0	0	0	0	0	0	0	0	0	0	0	0	0	0	0	0	0	0	0	0	0	0	0	0	0	0	0	0	0	0	0	0	0	0	0	0	0	0	0	0	0	0	0	0	0	0	0	0	0	0	0	0	0	0	0	0	0	0	0	0	0	0	0	0	0	0	0	0	0	0	0	0	0	0	0	0	0	0	0	0	0	0	0	0	0	0	0	0	0	0	0	0	0	0	0	0	0	0	0	0	0	0	0	0	0	0	0	0	76	36	26	1	0	67	42	78	13	93	7	15	27	67	81	18	27	86	96	2	48	67	52	99	65	67	64	19	46	57	89	28	47	67	82
0	0	0	0	0	0	0	0	0	0	0	0	0	0	0	0	0	0	0	0	0	0	0	0	0	0	0	0	0	0	0	0	0	0	0	0	0	0	0	0	0	0	0	0	0	0	0	0	0	0	0	0	0	0	0	0	0	0	0	0	0	0	0	0	0	0	0	0	0	0	0	0	0	0	0	0	0	0	0	0	0	0	0	0	0	0	0	0	0	0	0	0	0	0	0	0	0	0	0	0	0	0	0	0	0	0	0	0	0	0	0	0	0	0	0	0	0	0	0	0	0	0	0	0	0	0	0	0	0	0	0	0	0	0	0	0	0	0	0	0	0	0	0	0	0	0	0	0	0	0	0	0	0	0	0	0	0	0	0	0	0	0	0	0	0	0	35	7	70	97	61	27	43	6	2	61	50	72	80	20	25	56	42	42	14	38	98	18	94	39	93	77	64	22	93	83	66	51	65	30
0	0	0	0	0	0	0	0	0	0	0	0	0	0	0	0	0	0	0	0	0	0	0	0	0	0	0	0	0	0	0	0	0	0	0	0	0	0	0	0	0	0	0	0	0	0	0	0	0	0	0	0	0	0	0	0	0	0	0	0	0	0	0	0	0	0	0	0	0	0	0	0	0	0	0	0	0	0	0	0	0	0	0	0	0	0	0	0	0	0	0	0	0	0	0	0	0	0	0	0	0	0	0	0	0	0	0	0	0	0	0	0	0	0	0	0	0	0	0	0	0	0	0	0	0	0	0	0	0	0	0	0	0	0	0	0	0	0	0	0	0	0	0	0	0	0	0	0	0	0	0	0	0	0	0	0	0	0	0	0	0	0	0	0	0	0	0	82	29	57	34	48	60	61	42	48	18	1	40	92	52	19	76	73	33	13	21	87	20	96	72	62	27	23	23	11	10	13	11	68
0	0	0	0	0	0	0	0	0	0	0	0	0	0	0	0	0	0	0	0	0	0	0	0	0	0	0	0	0	0	0	0	0	0	0	0	0	0	0	0	0	0	0	0	0	0	0	0	0	0	0	0	0	0	0	0	0	0	0	0	0	0	0	0	0	0	0	0	0	0	0	0	0	0	0	0	0	0	0	0	0	0	0	0	0	0	0	0	0	0	0	0	0	0	0	0	0	0	0	0	0	0	0	0	0	0	0	0	0	0	0	0	0	0	0	0	0	0	0	0	0	0	0	0	0	0	0	0	0	0	0	0	0	0	0	0	0	0	0	0	0	0	0	0	0	0	0	0	0	0	0	0	0	0	0	0	0	0	0	0	0	0	0	0	0	0	0	0	27	39	47	29	88	7	24	60	44	64	81	48	63	80	60	90	72	67	0	73	17	46	90	40	21	13	51	46	79	9	44	18
0	0	0	0	0	0	0	0	0	0	0	0	0	0	0	0	0	0	0	0	0	0	0	0	0	0	0	0	0	0	0	0	0	0	0	0	0	0	0	0	0	0	0	0	0	0	0	0	0	0	0	0	0	0	0	0	0	0	0	0	0	0	0	0	0	0	0	0	0	0	0	0	0	0	0	0	0	0	0	0	0	0	0	0	0	0	0	0	0	0	0	0	0	0	0	0	0	0	0	0	0	0	0	0	0	0	0	0	0	0	0	0	0	0	0	0	0	0	0	0	0	0	0	0	0	0	0	0	0	0	0	0	0	0	0	0	0	0	0	0	0	0	0	0	0	0	0	0	0	0	0	0	0	0	0	0	0	0	0	0	0	0	0	0	0	0	0	0	0	64	50	73	37	7	25	60	98	76	14	29	64	66	70	71	59	87	72	18	64	82	90	5	11	81	71	28	64	9	59	30
0	0	0	0	0	0	0	0	0	0	0	0	0	0	0	0	0	0	0	0	0	0	0	0	0	0	0	0	0	0	0	0	0	0	0	0	0	0	0	0	0	0	0	0	0	0	0	0	0	0	0	0	0	0	0	0	0	0	0	0	0	0	0	0	0	0	0	0	0	0	0	0	0	0	0	0	0	0	0	0	0	0	0	0	0	0	0	0	0	0	0	0	0	0	0	0	0	0	0	0	0	0	0	0	0	0	0	0	0	0	0	0	0	0	0	0	0	0	0	0	0	0	0	0	0	0	0	0	0	0	0	0	0	0	0	0	0	0	0	0	0	0	0	0	0	0	0	0	0	0	0	0	0	0	0	0	0	0	0	0	0	0	0	0	0	0	0	0	0	0	46	90	35	8	25	76	19	78	74	80	6	3	29	53	82	61	91	10	13	24	26	16	60	95	94	26	46	17	89	41
0	0	0	0	0	0	0	0	0	0	0	0	0	0	0	0	0	0	0	0	0	0	0	0	0	0	0	0	0	0	0	0	0	0	0	0	0	0	0	0	0	0	0	0	0	0	0	0	0	0	0	0	0	0	0	0	0	0	0	0	0	0	0	0	0	0	0	0	0	0	0	0	0	0	0	0	0	0	0	0	0	0	0	0	0	0	0	0	0	0	0	0	0	0	0	0	0	0	0	0	0	0	0	0	0	0	0	0	0	0	0	0	0	0	0	0	0	0	0	0	0	0	0	0	0	0	0	0	0	0	0	0	0	0	0	0	0	0	0	0	0	0	0	0	0	0	0	0	0	0	0	0	0	0	0	0	0	0	0	0	0	0	0	0	0	0	0	0	0	0	0	41	45	79	91	25	41	85	87	57	37	20	86	97	76	11	23	46	81	6	1	77	8	97	59	23	17	61	87	69
0	0	0	0	0	0	0	0	0	0	0	0	0	0	0	0	0	0	0	0	0	0	0	0	0	0	0	0	0	0	0	0	0	0	0	0	0	0	0	0	0	0	0	0	0	0	0	0	0	0	0	0	0	0	0	0	0	0	0	0	0	0	0	0	0	0	0	0	0	0	0	0	0	0	0	0	0	0	0	0	0	0	0	0	0	0	0	0	0	0	0	0	0	0	0	0	0	0	0	0	0	0	0	0	0	0	0	0	0	0	0	0	0	0	0	0	0	0	0	0	0	0	0	0	0	0	0	0	0	0	0	0	0	0	0	0	0	0	0	0	0	0	0	0	0	0	0	0	0	0	0	0	0	0	0	0	0	0	0	0	0	0	0	0	0	0	0	0	0	0	0	0	38	61	86	53	28	69	61	68	39	36	46	4	58	77	24	13	79	30	48	87	61	16	56	65	80	86	54	89
0	0	0	0	0	0	0	0	0	0	0	0	0	0	0	0	0	0	0	0	0	0	0	0	0	0	0	0	0	0	0	0	0	0	0	0	0	0	0	0	0	0	0	0	0	0	0	0	0	0	0	0	0	0	0	0	0	0	0	0	0	0	0	0	0	0	0	0	0	0	0	0	0	0	0	0	0	0	0	0	0	0	0	0	0	0	0	0	0	0	0	0	0	0	0	0	0	0	0	0	0	0	0	0	0	0	0	0	0	0	0	0	0	0	0	0	0	0	0	0	0	0	0	0	0	0	0	0	0	0	0	0	0	0	0	0	0	0	0	0	0	0	0	0	0	0	0	0	0	0	0	0	0	0	0	0	0	0	0	0	0	0	0	0	0	0	0	0	0	0	0	0	0	62	40	58	37	39	19	89	80	92	28	34	33	98	15	78	89	93	7	33	21	68	93	13	77	83	21	39
0	0	0	0	0	0	0	0	0	0	0	0	0	0	0	0	0	0	0	0	0	0	0	0	0	0	0	0	0	0	0	0	0	0	0	0	0	0	0	0	0	0	0	0	0	0	0	0	0	0	0	0	0	0	0	0	0	0	0	0	0	0	0	0	0	0	0	0	0	0	0	0	0	0	0	0	0	0	0	0	0	0	0	0	0	0	0	0	0	0	0	0	0	0	0	0	0	0	0	0	0	0	0	0	0	0	0	0	0	0	0	0	0	0	0	0	0	0	0	0	0	0	0	0	0	0	0	0	0	0	0	0	0	0	0	0	0	0	0	0	0	0	0	0	0	0	0	0	0	0	0	0	0	0	0	0	0	0	0	0	0	0	0	0	0	0	0	0	0	0	0	0	0	0	56	40	28	37	80	60	79	85	81	73	40	85	22	97	17	88	39	66	78	66	99	38	24	80	11	95
0	0	0	0	0	0	0	0	0	0	0	0	0	0	0	0	0	0	0	0	0	0	0	0	0	0	0	0	0	0	0	0	0	0	0	0	0	0	0	0	0	0	0	0	0	0	0	0	0	0	0	0	0	0	0	0	0	0	0	0	0	0	0	0	0	0	0	0	0	0	0	0	0	0	0	0	0	0	0	0	0	0	0	0	0	0	0	0	0	0	0	0	0	0	0	0	0	0	0	0	0	0	0	0	0	0	0	0	0	0	0	0	0	0	0	0	0	0	0	0	0	0	0	0	0	0	0	0	0	0	0	0	0	0	0	0	0	0	0	0	0	0	0	0	0	0	0	0	0	0	0	0	0	0	0	0	0	0	0	0	0	0	0	0	0	0	0	0	0	0	0	0	0	0	0	96	78	76	36	38	86	54	26	28	25	5	9	14	22	57	95	68	43	35	99	2	1	75	40	4
0	0	0	0	0	0	0	0	0	0	0	0	0	0	0	0	0	0	0	0	0	0	0	0	0	0	0	0	0	0	0	0	0	0	0	0	0	0	0	0	0	0	0	0	0	0	0	0	0	0	0	0	0	0	0	0	0	0	0	0	0	0	0	0	0	0	0	0	0	0	0	0	0	0	0	0	0	0	0	0	0	0	0	0	0	0	0	0	0	0	0	0	0	0	0	0	0	0	0	0	0	0	0	0	0	0	0	0	0	0	0	0	0	0	0	0	0	0	0	0	0	0	0	0	0	0	0	0	0	0	0	0	0	0	0	0	0	0	0	0	0	0	0	0	0	0	0	0	0	0	0	0	0	0	0	0	0	0	0	0	0	0	0	0	0	0	0	0	0	0	0	0	0	0	0	0	84	85	9	3	27	31	81	89	58	48	44	57	5	92	56	42	58	37	50	2	92	14	37	90
0	0	0	0	0	0	0	0	0	0	0	0	0	0	0	0	0	0	0	0	0	0	0	0	0	0	0	0	0	0	0	0	0	0	0	0	0	0	0	0	0	0	0	0	0	0	0	0	0	0	0	0	0	0	0	0	0	0	0	0	0	0	0	0	0	0	0	0	0	0	0	0	0	0	0	0	0	0	0	0	0	0	0	0	0	0	0	0	0	0	0	0	0	0	0	0	0	0	0	0	0	0	0	0	0	0	0	0	0	0	0	0	0	0	0	0	0	0	0	0	0	0	0	0	0	0	0	0	0	0	0	0	0	0	0	0	0	0	0	0	0	0	0	0	0	0	0	0	0	0	0	0	0	0	0	0	0	0	0	0	0	0	0	0	0	0	0	0	0	0	0	0	0	0	0	0	0	86	94	18	41	35	32	95	62	60	23	13	96	37	53	33	30	1	1	34	84	24	93	37
0	0	0	0	0	0	0	0	0	0	0	0	0	0	0	0	0	0	0	0	0	0	0	0	0	0	0	0	0	0	0	0	0	0	0	0	0	0	0	0	0	0	0	0	0	0	0	0	0	0	0	0	0	0	0	0	0	0	0	0	0	0	0	0	0	0	0	0	0	0	0	0	0	0	0	0	0	0	0	0	0	0	0	0	0	0	0	0	0	0	0	0	0	0	0	0	0	0	0	0	0	0	0	0	0	0	0	0	0	0	0	0	0	0	0	0	0	0	0	0	0	0	0	0	0	0	0	0	0	0	0	0	0	0	0	0	0	0	0	0	0	0	0	0	0	0	0	0	0	0	0	0	0	0	0	0	0	0	0	0	0	0	0	0	0	0	0	0	0	0	0	0	0	0	0	0	0	0	9	99	62	87	9	62	23	72	31	7	5	61	97	28	83	3	16	15	32	63	36	17
0	0	0	0	0	0	0	0	0	0	0	0	0	0	0	0	0	0	0	0	0	0	0	0	0	0	0	0	0	0	0	0	0	0	0	0	0	0	0	0	0	0	0	0	0	0	0	0	0	0	0	0	0	0	0	0	0	0	0	0	0	0	0	0	0	0	0	0	0	0	0	0	0	0	0	0	0	0	0	0	0	0	0	0	0	0	0	0	0	0	0	0	0	0	0	0	0	0	0	0	0	0	0	0	0	0	0	0	0	0	0	0	0	0	0	0	0	0	0	0	0	0	0	0	0	0	0	0	0	0	0	0	0	0	0	0	0	0	0	0	0	0	0	0	0	0	0	0	0	0	0	0	0	0	0	0	0	0	0	0	0	0	0	0	0	0	0	0	0	0	0	0	0	0	0	0	0	0	0	26	35	95	96	50	35	34	39	26	89	74	29	9	19	9	70	41	27	66	14	39
0	0	0	0	0	0	0	0	0	0	0	0	0	0	0	0	0	0	0	0	0	0	0	0	0	0	0	0	0	0	0	0	0	0	0	0	0	0	0	0	0	0	0	0	0	0	0	0	0	0	0	0	0	0	0	0	0	0	0	0	0	0	0	0	0	0	0	0	0	0	0	0	0	0	0	0	0	0	0	0	0	0	0	0	0	0	0	0	0	0	0	0	0	0	0	0	0	0	0	0	0	0	0	0	0	0	0	0	0	0	0	0	0	0	0	0	0	0	0	0	0	0	0	0	0	0	0	0	0	0	0	0	0	0	0	0	0	0	0	0	0	0	0	0	0	0	0	0	0	0	0	0	0	0	0	0	0	0	0	0	0	0	0	0	0	0	0	0	0	0	0	0	0	0	0	0	0	0	0	0	41	74	98	74	25	5	88	70	7	1	33	1	71	6	3	73	3	43	82	94
0	0	0	0	0	0	0	0	0	0	0	0	0	0	0	0	0	0	0	0	0	0	0	0	0	0	0	0	0	0	0	0	0	0	0	0	0	0	0	0	0	0	0	0	0	0	0	0	0	0	0	0	0	0	0	0	0	0	0	0	0	0	0	0	0	0	0	0	0	0	0	0	0	0	0	0	0	0	0	0	0	0	0	0	0	0	0	0	0	0	0	0	0	0	0	0	0	0	0	0	0	0	0	0	0	0	0	0	0	0	0	0	0	0	0	0	0	0	0	0	0	0	0	0	0	0	0	0	0	0	0	0	0	0	0	0	0	0	0	0	0	0	0	0	0	0	0	0	0	0	0	0	0	0	0	0	0	0	0	0	0	0	0	0	0	0	0	0	0	0	0	0	0	0	0	0	0	0	0	0	0	65	5	19	22	92	33	55	39	78	24	74	83	82	4	63	64	67	22	24
0	0	0	0	0	0	0	0	0	0	0	0	0	0	0	0	0	0	0	0	0	0	0	0	0	0	0	0	0	0	0	0	0	0	0	0	0	0	0	0	0	0	0	0	0	0	0	0	0	0	0	0	0	0	0	0	0	0	0	0	0	0	0	0	0	0	0	0	0	0	0	0	0	0	0	0	0	0	0	0	0	0	0	0	0	0	0	0	0	0	0	0	0	0	0	0	0	0	0	0	0	0	0	0	0	0	0	0	0	0	0	0	0	0	0	0	0	0	0	0	0	0	0	0	0	0	0	0	0	0	0	0	0	0	0	0	0	0	0	0	0	0	0	0	0	0	0	0	0	0	0	0	0	0	0	0	0	0	0	0	0	0	0	0	0	0	0	0	0	0	0	0	0	0	0	0	0	0	0	0	0	0	31	41	53	36	67	66	41	73	12	26	67	57	66	40	97	25	4	16
0	0	0	0	0	0	0	0	0	0	0	0	0	0	0	0	0	0	0	0	0	0	0	0	0	0	0	0	0	0	0	0	0	0	0	0	0	0	0	0	0	0	0	0	0	0	0	0	0	0	0	0	0	0	0	0	0	0	0	0	0	0	0	0	0	0	0	0	0	0	0	0	0	0	0	0	0	0	0	0	0	0	0	0	0	0	0	0	0	0	0	0	0	0	0	0	0	0	0	0	0	0	0	0	0	0	0	0	0	0	0	0	0	0	0	0	0	0	0	0	0	0	0	0	0	0	0	0	0	0	0	0	0	0	0	0	0	0	0	0	0	0	0	0	0	0	0	0	0	0	0	0	0	0	0	0	0	0	0	0	0	0	0	0	0	0	0	0	0	0	0	0	0	0	0	0	0	0	0	0	0	0	0	93	13	57	97	97	19	47	72	7	34	22	16	91	79	44	89	98
0	0	0	0	0	0	0	0	0	0	0	0	0	0	0	0	0	0	0	0	0	0	0	0	0	0	0	0	0	0	0	0	0	0	0	0	0	0	0	0	0	0	0	0	0	0	0	0	0	0	0	0	0	0	0	0	0	0	0	0	0	0	0	0	0	0	0	0	0	0	0	0	0	0	0	0	0	0	0	0	0	0	0	0	0	0	0	0	0	0	0	0	0	0	0	0	0	0	0	0	0	0	0	0	0	0	0	0	0	0	0	0	0	0	0	0	0	0	0	0	0	0	0	0	0	0	0	0	0	0	0	0	0	0	0	0	0	0	0	0	0	0	0	0	0	0	0	0	0	0	0	0	0	0	0	0	0	0	0	0	0	0	0	0	0	0	0	0	0	0	0	0	0	0	0	0	0	0	0	0	0	0	0	0	66	43	15	8	51	81	28	35	21	9	6	75	25	97	80	54
0	0	0	0	0	0	0	0	0	0	0	0	0	0	0	0	0	0	0	0	0	0	0	0	0	0	0	0	0	0	0	0	0	0	0	0	0	0	0	0	0	0	0	0	0	0	0	0	0	0	0	0	0	0	0	0	0	0	0	0	0	0	0	0	0	0	0	0	0	0	0	0	0	0	0	0	0	0	0	0	0	0	0	0	0	0	0	0	0	0	0	0	0	0	0	0	0	0	0	0	0	0	0	0	0	0	0	0	0	0	0	0	0	0	0	0	0	0	0	0	0	0	0	0	0	0	0	0	0	0	0	0	0	0	0	0	0	0	0	0	0	0	0	0	0	0	0	0	0	0	0	0	0	0	0	0	0	0	0	0	0	0	0	0	0	0	0	0	0	0	0	0	0	0	0	0	0	0	0	0	0	0	0	0	0	92	88	73	77	18	33	66	72	47	14	89	63	96	49	58
0	0	0	0	0	0	0	0	0	0	0	0	0	0	0	0	0	0	0	0	0	0	0	0	0	0	0	0	0	0	0	0	0	0	0	0	0	0	0	0	0	0	0	0	0	0	0	0	0	0	0	0	0	0	0	0	0	0	0	0	0	0	0	0	0	0	0	0	0	0	0	0	0	0	0	0	0	0	0	0	0	0	0	0	0	0	0	0	0	0	0	0	0	0	0	0	0	0	0	0	0	0	0	0	0	0	0	0	0	0	0	0	0	0	0	0	0	0	0	0	0	0	0	0	0	0	0	0	0	0	0	0	0	0	0	0	0	0	0	0	0	0	0	0	0	0	0	0	0	0	0	0	0	0	0	0	0	0	0	0	0	0	0	0	0	0	0	0	0	0	0	0	0	0	0	0	0	0	0	0	0	0	0	0	0	0	70	79	86	39	85	12	30	24	17	68	3	40	46	21
0	0	0	0	0	0	0	0	0	0	0	0	0	0	0	0	0	0	0	0	0	0	0	0	0	0	0	0	0	0	0	0	0	0	0	0	0	0	0	0	0	0	0	0	0	0	0	0	0	0	0	0	0	0	0	0	0	0	0	0	0	0	0	0	0	0	0	0	0	0	0	0	0	0	0	0	0	0	0	0	0	0	0	0	0	0	0	0	0	0	0	0	0	0	0	0	0	0	0	0	0	0	0	0	0	0	0	0	0	0	0	0	0	0	0	0	0	0	0	0	0	0	0	0	0	0	0	0	0	0	0	0	0	0	0	0	0	0	0	0	0	0	0	0	0	0	0	0	0	0	0	0	0	0	0	0	0	0	0	0	0	0	0	0	0	0	0	0	0	0	0	0	0	0	0	0	0	0	0	0	0	0	0	0	0	0	0	48	96	58	4	67	41	35	59	86	70	81	97	84
0	0	0	0	0	0	0	0	0	0	0	0	0	0	0	0	0	0	0	0	0	0	0	0	0	0	0	0	0	0	0	0	0	0	0	0	0	0	0	0	0	0	0	0	0	0	0	0	0	0	0	0	0	0	0	0	0	0	0	0	0	0	0	0	0	0	0	0	0	0	0	0	0	0	0	0	0	0	0	0	0	0	0	0	0	0	0	0	0	0	0	0	0	0	0	0	0	0	0	0	0	0	0	0	0	0	0	0	0	0	0	0	0	0	0	0	0	0	0	0	0	0	0	0	0	0	0	0	0	0	0	0	0	0	0	0	0	0	0	0	0	0	0	0	0	0	0	0	0	0	0	0	0	0	0	0	0	0	0	0	0	0	0	0	0	0	0	0	0	0	0	0	0	0	0	0	0	0	0	0	0	0	0	0	0	0	0	0	16	3	91	90	37	32	75	3	68	42	53	96
0	0	0	0	0	0	0	0	0	0	0	0	0	0	0	0	0	0	0	0	0	0	0	0	0	0	0	0	0	0	0	0	0	0	0	0	0	0	0	0	0	0	0	0	0	0	0	0	0	0	0	0	0	0	0	0	0	0	0	0	0	0	0	0	0	0	0	0	0	0	0	0	0	0	0	0	0	0	0	0	0	0	0	0	0	0	0	0	0	0	0	0	0	0	0	0	0	0	0	0	0	0	0	0	0	0	0	0	0	0	0	0	0	0	0	0	0	0	0	0	0	0	0	0	0	0	0	0	0	0	0	0	0	0	0	0	0	0	0	0	0	0	0	0	0	0	0	0	0	0	0	0	0	0	0	0	0	0	0	0	0	0	0	0	0	0	0	0	0	0	0	0	0	0	0	0	0	0	0	0	0	0	0	0	0	0	0	0	0	91	79	63	44	45	28	33	96	91	35	93
0	0	0	0	0	0	0	0	0	0	0	0	0	0	0	0	0	0	0	0	0	0	0	0	0	0	0	0	0	0	0	0	0	0	0	0	0	0	0	0	0	0	0	0	0	0	0	0	0	0	0	0	0	0	0	0	0	0	0	0	0	0	0	0	0	0	0	0	0	0	0	0	0	0	0	0	0	0	0	0	0	0	0	0	0	0	0	0	0	0	0	0	0	0	0	0	0	0	0	0	0	0	0	0	0	0	0	0	0	0	0	0	0	0	0	0	0	0	0	0	0	0	0	0	0	0	0	0	0	0	0	0	0	0	0	0	0	0	0	0	0	0	0	0	0	0	0	0	0	0	0	0	0	0	0	0	0	0	0	0	0	0	0	0	0	0	0	0	0	0	0	0	0	0	0	0	0	0	0	0	0	0	0	0	0	0	0	0	0	0	3	97	52	37	74	78	28	98	27	87
0	0	0	0	0	0	0	0	0	0	0	0	0	0	0	0	0	0	0	0	0	0	0	0	0	0	0	0	0	0	0	0	0	0	0	0	0	0	0	0	0	0	0	0	0	0	0	0	0	0	0	0	0	0	0	0	0	0	0	0	0	0	0	0	0	0	0	0	0	0	0	0	0	0	0	0	0	0	0	0	0	0	0	0	0	0	0	0	0	0	0	0	0	0	0	0	0	0	0	0	0	0	0	0	0	0	0	0	0	0	0	0	0	0	0	0	0	0	0	0	0	0	0	0	0	0	0	0	0	0	0	0	0	0	0	0	0	0	0	0	0	0	0	0	0	0	0	0	0	0	0	0	0	0	0	0	0	0	0	0	0	0	0	0	0	0	0	0	0	0	0	0	0	0	0	0	0	0	0	0	0	0	0	0	0	0	0	0	0	0	0	51	65	35	38	96	34	22	0	67
0	0	0	0	0	0	0	0	0	0	0	0	0	0	0	0	0	0	0	0	0	0	0	0	0	0	0	0	0	0	0	0	0	0	0	0	0	0	0	0	0	0	0	0	0	0	0	0	0	0	0	0	0	0	0	0	0	0	0	0	0	0	0	0	0	0	0	0	0	0	0	0	0	0	0	0	0	0	0	0	0	0	0	0	0	0	0	0	0	0	0	0	0	0	0	0	0	0	0	0	0	0	0	0	0	0	0	0	0	0	0	0	0	0	0	0	0	0	0	0	0	0	0	0	0	0	0	0	0	0	0	0	0	0	0	0	0	0	0	0	0	0	0	0	0	0	0	0	0	0	0	0	0	0	0	0	0	0	0	0	0	0	0	0	0	0	0	0	0	0	0	0	0	0	0	0	0	0	0	0	0	0	0	0	0	0	0	0	0	0	0	0	30	75	37	52	91	6	5	35
0	0	0	0	0	0	0	0	0	0	0	0	0	0	0	0	0	0	0	0	0	0	0	0	0	0	0	0	0	0	0	0	0	0	0	0	0	0	0	0	0	0	0	0	0	0	0	0	0	0	0	0	0	0	0	0	0	0	0	0	0	0	0	0	0	0	0	0	0	0	0	0	0	0	0	0	0	0	0	0	0	0	0	0	0	0	0	0	0	0	0	0	0	0	0	0	0	0	0	0	0	0	0	0	0	0	0	0	0	0	0	0	0	0	0	0	0	0	0	0	0	0	0	0	0	0	0	0	0	0	0	0	0	0	0	0	0	0	0	0	0	0	0	0	0	0	0	0	0	0	0	0	0	0	0	0	0	0	0	0	0	0	0	0	0	0	0	0	0	0	0	0	0	0	0	0	0	0	0	0	0	0	0	0	0	0	0	0	0	0	0	0	0	70	11	86	76	66	71	38
0	0	0	0	0	0	0	0	0	0	0	0	0	0	0	0	0	0	0	0	0	0	0	0	0	0	0	0	0	0	0	0	0	0	0	0	0	0	0	0	0	0	0	0	0	0	0	0	0	0	0	0	0	0	0	0	0	0	0	0	0	0	0	0	0	0	0	0	0	0	0	0	0	0	0	0	0	0	0	0	0	0	0	0	0	0	0	0	0	0	0	0	0	0	0	0	0	0	0	0	0	0	0	0	0	0	0	0	0	0	0	0	0	0	0	0	0	0	0	0	0	0	0	0	0	0	0	0	0	0	0	0	0	0	0	0	0	0	0	0	0	0	0	0	0	0	0	0	0	0	0	0	0	0	0	0	0	0	0	0	0	0	0	0	0	0	0	0	0	0	0	0	0	0	0	0	0	0	0	0	0	0	0	0	0	0	0	0	0	0	0	0	0	0	87	60	21	55	76	93
0	0	0	0	0	0	0	0	0	0	0	0	0	0	0	0	0	0	0	0	0	0	0	0	0	0	0	0	0	0	0	0	0	0	0	0	0	0	0	0	0	0	0	0	0	0	0	0	0	0	0	0	0	0	0	0	0	0	0	0	0	0	0	0	0	0	0	0	0	0	0	0	0	0	0	0	0	0	0	0	0	0	0	0	0	0	0	0	0	0	0	0	0	0	0	0	0	0	0	0	0	0	0	0	0	0	0	0	0	0	0	0	0	0	0	0	0	0	0	0	0	0	0	0	0	0	0	0	0	0	0	0	0	0	0	0	0	0	0	0	0	0	0	0	0	0	0	0	0	0	0	0	0	0	0	0	0	0	0	0	0	0	0	0	0	0	0	0	0	0	0	0	0	0	0	0	0	0	0	0	0	0	0	0	0	0	0	0	0	0	0	0	0	0	0	31	17	14	74	0
0	0	0	0	0	0	0	0	0	0	0	0	0	0	0	0	0	0	0	0	0	0	0	0	0	0	0	0	0	0	0	0	0	0	0	0	0	0	0	0	0	0	0	0	0	0	0	0	0	0	0	0	0	0	0	0	0	0	0	0	0	0	0	0	0	0	0	0	0	0	0	0	0	0	0	0	0	0	0	0	0	0	0	0	0	0	0	0	0	0	0	0	0	0	0	0	0	0	0	0	0	0	0	0	0	0	0	0	0	0	0	0	0	0	0	0	0	0	0	0	0	0	0	0	0	0	0	0	0	0	0	0	0	0	0	0	0	0	0	0	0	0	0	0	0	0	0	0	0	0	0	0	0	0	0	0	0	0	0	0	0	0	0	0	0	0	0	0	0	0	0	0	0	0	0	0	0	0	0	0	0	0	0	0	0	0	0	0	0	0	0	0	0	0	0	0	41	27	76	88
0	0	0	0	0	0	0	0	0	0	0	0	0	0	0	0	0	0	0	0	0	0	0	0	0	0	0	0	0	0	0	0	0	0	0	0	0	0	0	0	0	0	0	0	0	0	0	0	0	0	0	0	0	0	0	0	0	0	0	0	0	0	0	0	0	0	0	0	0	0	0	0	0	0	0	0	0	0	0	0	0	0	0	0	0	0	0	0	0	0	0	0	0	0	0	0	0	0	0	0	0	0	0	0	0	0	0	0	0	0	0	0	0	0	0	0	0	0	0	0	0	0	0	0	0	0	0	0	0	0	0	0	0	0	0	0	0	0	0	0	0	0	0	0	0	0	0	0	0	0	0	0	0	0	0	0	0	0	0	0	0	0	0	0	0	0	0	0	0	0	0	0	0	0	0	0	0	0	0	0	0	0	0	0	0	0	0	0	0	0	0	0	0	0	0	0	0	90	74	93
0	0	0	0	0	0	0	0	0	0	0	0	0	0	0	0	0	0	0	0	0	0	0	0	0	0	0	0	0	0	0	0	0	0	0	0	0	0	0	0	0	0	0	0	0	0	0	0	0	0	0	0	0	0	0	0	0	0	0	0	0	0	0	0	0	0	0	0	0	0	0	0	0	0	0	0	0	0	0	0	0	0	0	0	0	0	0	0	0	0	0	0	0	0	0	0	0	0	0	0	0	0	0	0	0	0	0	0	0	0	0	0	0	0	0	0	0	0	0	0	0	0	0	0	0	0	0	0	0	0	0	0	0	0	0	0	0	0	0	0	0	0	0	0	0	0	0	0	0	0	0	0	0	0	0	0	0	0	0	0	0	0	0	0	0	0	0	0	0	0	0	0	0	0	0	0	0	0	0	0	0	0	0	0	0	0	0	0	0	0	0	0	0	0	0	0	0	0	15	82
0	0	0	0	0	0	0	0	0	0	0	0	0	0	0	0	0	0	0	0	0	0	0	0	0	0	0	0	0	0	0	0	0	0	0	0	0	0	0	0	0	0	0	0	0	0	0	0	0	0	0	0	0	0	0	0	0	0	0	0	0	0	0	0	0	0	0	0	0	0	0	0	0	0	0	0	0	0	0	0	0	0	0	0	0	0	0	0	0	0	0	0	0	0	0	0	0	0	0	0	0	0	0	0	0	0	0	0	0	0	0	0	0	0	0	0	0	0	0	0	0	0	0	0	0	0	0	0	0	0	0	0	0	0	0	0	0	0	0	0	0	0	0	0	0	0	0	0	0	0	0	0	0	0	0	0	0	0	0	0	0	0	0	0	0	0	0	0	0	0	0	0	0	0	0	0	0	0	0	0	0	0	0	0	0	0	0	0	0	0	0	0	0	0	0	0	0	0	0	44
0	0	0	0	0	0	0	0	0	0	0	0	0	0	0	0	0	0	0	0	0	0	0	0	0	0	0	0	0	0	0	0	0	0	0	0	0	0	0	0	0	0	0	0	0	0	0	0	0	0	0	0	0	0	0	0	0	0	0	0	0	0	0	0	0	0	0	0	0	0	0	0	0	0	0	0	0	0	0	0	0	0	0	0	0	0	0	0	0	0	0	0	0	0	0	0	0	0	0	0	0	0	0	0	0	0	0	0	0	0	0	0	0	0	0	0	0	0	0	0	0	0	0	0	0	0	0	0	0	0	0	0	0	0	0	0	0	0	0	0	0	0	0	0	0	0	0	0	0	0	0	0	0	0	0	0	0	0	0	0	0	0	0	0	0	0	0	0	0	0	0	0	0	0	0	0	0	0	0	0	0	0	0	0	0	0	0	0	0	0	0	0	0	0	0	0	0	0	0	0
